FECHA,BMW,Casos,Muertes,Mov Residencial,Mov trabajo,Mov estaciones
2020-06-17,0.12,17.481295505900075,1.233743409490334,-3.0,2.0,-2.0
2020-06-18,0.12,25.391162440371577,1.233743409490334,12.0,-31.0,15.0
2020-06-19,0.12,18.052724077328648,1.233743409490334,-16.0,83.0,-24.0
2020-06-20,0.12,14.481295505900075,1.233743409490334,2.0,42.0,42.0
2020-06-21,0.12,14.909866934471504,1.233743409490334,-4.0,-13.0,-17.0
2020-06-22,0.12,22.76700979161436,1.233743409490334,6.0,-84.0,-42.0
2020-06-23,0.12,29.624152648757217,1.233743409490334,-1.0,3.0,34.0
2020-06-24,0.12,30.052724077328644,1.233743409490334,0.0,-7.0,-22.0
2020-06-25,0.12,23.142857142857142,1.233743409490334,2.0,-52.0,45.0
2020-06-26,0.12,24.714285714285715,1.233743409490334,1.0,66.0,-51.0
2020-06-27,0.12,26.571428571428573,1.233743409490334,2.0,21.0,48.0
2020-06-28,0.12,29.142857142857142,1.233743409490334,-7.0,8.0,-17.0
2020-06-29,0.12,22.0,1.233743409490334,5.0,-49.0,-40.0
2020-06-30,0.12,18.428571428571427,1.233743409490334,-2.0,4.0,39.0
2020-07-01,0.10967741935483871,24.052724077328644,1.233743409490334,1.0,-4.0,-48.0
2020-07-02,0.10967741935483871,28.909866934471502,1.233743409490334,0.0,-52.0,53.0
2020-07-03,0.10967741935483871,32.05272407732865,1.233743409490334,-3.0,96.0,-43.0
2020-07-04,0.10967741935483871,33.19558122018579,1.233743409490334,4.0,65.0,35.0
2020-07-05,0.10967741935483871,33.05272407732865,1.233743409490334,-5.0,-7.0,6.0
2020-07-06,0.10967741935483871,35.33843836304293,1.233743409490334,2.0,-95.0,-54.0
2020-07-07,0.10967741935483871,39.819733868943004,1.233743409490334,-3.0,24.0,47.0
2020-07-08,0.10967741935483871,36.33843836304293,1.233743409490334,-3.0,-8.0,-31.0
2020-07-09,0.10967741935483871,32.62415264875722,1.233743409490334,7.0,-56.0,41.0
2020-07-10,0.10967741935483871,35.62415264875722,1.233743409490334,3.0,75.0,-43.0
2020-07-11,0.10967741935483871,34.48129550590007,1.233743409490334,-1.0,40.0,62.0
2020-07-12,0.10967741935483871,34.33843836304293,1.233743409490334,-9.0,18.0,-20.0
2020-07-13,0.10967741935483871,39.48129550590007,1.233743409490334,5.0,-70.0,-66.0
2020-07-14,0.10967741935483871,38.714285714285715,1.233743409490334,3.0,7.0,60.0
2020-07-15,0.10967741935483871,35.0,1.233743409490334,1.0,30.0,6.0
2020-07-16,0.10967741935483871,34.714285714285715,1.233743409490334,9.0,-56.0,63.0
2020-07-17,0.10967741935483871,32.0,1.233743409490334,-10.0,87.0,-44.0
2020-07-18,0.10967741935483871,32.857142857142854,1.233743409490334,-2.0,33.0,30.0
2020-07-19,0.10967741935483871,30.571428571428573,1.233743409490334,-4.0,14.0,16.0
2020-07-20,0.10967741935483871,25.142857142857142,1.233743409490334,8.0,-93.0,-80.0
2020-07-21,0.10967741935483871,19.142857142857142,1.233743409490334,3.0,-4.0,33.0
2020-07-22,0.10967741935483871,26.0,1.233743409490334,1.0,42.0,-28.0
2020-07-23,0.10967741935483871,36.857142857142854,1.233743409490334,-1.0,-74.0,75.0
2020-07-24,0.10967741935483871,40.42857142857143,1.2003514938488578,-3.0,99.0,-24.0
2020-07-25,0.10967741935483871,45.33843836304293,1.2003514938488578,14.0,-40.0,-33.0
2020-07-26,0.10967741935483871,58.19558122018579,1.452673863921667,-3.0,1.0,-2.0
2020-07-27,0.10967741935483871,60.05272407732865,1.4192819482801906,22.0,-129.0,-98.0
2020-07-28,0.10967741935483871,66.819733868943,1.4192819482801908,-3.0,24.0,48.0
2020-07-29,0.10967741935483871,77.39116244037157,1.4192819482801908,-2.0,-45.0,-35.0
2020-07-30,0.10967741935483871,72.1054481546573,1.4192819482801908,2.0,-20.0,42.0
2020-07-31,0.10967741935483871,80.96259101180014,1.4526738639216672,0.0,59.0,-37.0
2020-08-01,0.1,92.62415264875722,1.452673863921667,-6.0,54.0,65.0
2020-08-02,0.1,93.19558122018579,1.2003514938488578,-15.0,73.0,12.0
2020-08-03,0.1,114.33843836304293,1.233743409490334,10.0,-98.0,-68.0
2020-08-04,0.1,145.71428571428572,1.233743409490334,-3.0,21.0,65.0
2020-08-05,0.1,140.71428571428572,1.2003514938488578,-4.0,27.0,-69.0
2020-08-06,0.1,144.85714285714286,1.2003514938488578,7.0,-32.0,61.0
2020-08-07,0.1,137.71428571428572,1.1669595782073814,-10.0,88.0,-37.0
2020-08-08,0.1,122.42857142857143,1.1669595782073814,-4.0,63.0,87.0
2020-08-09,0.1,120.85714285714286,1.1335676625659052,-8.0,81.0,-28.0
2020-08-10,0.1,126.0,1.133567662565905,4.0,-108.0,-38.0
2020-08-11,0.1,89.42857142857143,1.133567662565905,1.0,-2.0,40.0
2020-08-12,0.1,88.57142857142857,1.1669595782073814,4.0,-23.0,-50.0
2020-08-13,0.1,84.0,1.1669595782073814,4.0,-8.0,64.0
2020-08-14,0.1,95.0,1.2003514938488578,-10.0,57.0,-46.0
2020-08-15,0.1,93.14285714285714,1.2003514938488578,9.0,-51.0,-13.0
2020-08-16,0.1,87.57142857142857,1.233743409490334,-19.0,115.0,39.0
2020-08-17,0.1,62.76700979161436,1.233743409490334,4.0,-270.0,49.0
2020-08-18,0.1,77.90986693447151,1.233743409490334,0.0,-10.0,5.0
2020-08-19,0.1,70.90986693447151,1.233743409490334,6.0,5.0,-14.0
2020-08-20,0.1,67.33843836304293,1.233743409490334,5.0,-7.0,15.0
2020-08-21,0.1,50.48129550590007,1.233743409490334,-5.0,20.0,-9.0
2020-08-22,0.1,50.19558122018579,1.2003514938488578,0.0,22.0,1.0
2020-08-23,0.1,49.76700979161436,1.2003514938488578,-8.0,18.0,-2.0
2020-08-24,0.1,45.714285714285715,1.2003514938488578,6.0,-46.0,2.0
2020-08-25,0.1,33.142857142857146,1.2003514938488578,-3.0,-6.0,7.0
2020-08-26,0.1,31.428571428571427,1.2003514938488578,5.0,-1.0,-15.0
2020-08-27,0.1,28.714285714285715,1.2003514938488578,-5.0,0.0,25.0
2020-08-28,0.1,26.571428571428573,1.2003514938488578,0.0,22.0,-11.0
2020-08-29,0.1,30.857142857142858,1.233743409490334,1.0,26.0,1.0
2020-08-30,0.1,33.714285714285715,1.233743409490334,-7.0,5.0,-5.0
2020-08-31,0.1,33.714285714285715,1.233743409490334,7.0,-40.0,3.0
2020-09-01,0.095,35.857142857142854,1.233743409490334,-2.0,-8.0,11.0
2020-09-02,0.095,34.142857142857146,1.233743409490334,2.0,7.0,-7.0
2020-09-03,0.095,40.285714285714285,1.233743409490334,2.0,-11.0,11.0
2020-09-04,0.095,43.142857142857146,1.2003514938488578,-6.0,26.0,2.0
2020-09-05,0.095,39.57142857142857,1.2003514938488578,-2.0,28.0,-6.0
2020-09-06,0.095,36.57142857142857,1.2003514938488578,-2.0,-7.0,-12.0
2020-09-07,0.095,38.57142857142857,1.2003514938488578,1.0,-34.0,15.0
2020-09-08,0.095,34.57142857142857,1.2003514938488578,-1.0,-6.0,13.0
2020-09-09,0.095,51.142857142857146,1.2003514938488578,0.0,32.0,5.0
2020-09-10,0.095,81.42857142857143,1.2003514938488578,1.0,-37.0,-3.0
2020-09-11,0.095,119.85714285714286,1.233743409490334,3.0,203.0,-17.0
2020-09-12,0.095,133.71428571428572,1.233743409490334,1.0,-92.0,-6.0
2020-09-13,0.095,129.28571428571428,1.233743409490334,-4.0,44.0,-33.0
2020-09-14,0.095,131.33843836304294,1.233743409490334,4.0,-9.0,22.0
2020-09-15,0.095,148.62415264875722,1.7717800652774292,2.0,-16.0,22.0
2020-09-16,0.095,134.9098669344715,1.7717800652774292,1.0,38.0,-1.0
2020-09-17,0.095,103.76700979161436,1.771780065277429,6.0,-115.0,-32.0
2020-09-18,0.095,66.76700979161436,1.771780065277429,0.0,128.0,13.0
2020-09-19,0.095,54.9098669344715,1.771780065277429,-4.0,34.0,0.0
2020-09-20,0.095,60.62415264875722,1.7717800652774292,-3.0,-91.0,-45.0
2020-09-21,0.095,65.85714285714286,1.7717800652774292,3.0,-24.0,24.0
2020-09-22,0.095,53.57142857142857,1.233743409490334,5.0,-42.0,0.0
2020-09-23,0.095,58.285714285714285,1.2003514938488578,20.0,-9.0,-2.0
2020-09-24,0.095,60.57142857142857,1.2003514938488578,-1.0,-100.0,13.0
2020-09-25,0.095,58.714285714285715,1.2003514938488578,9.0,109.0,14.0
2020-09-26,0.095,67.14285714285714,1.2003514938488578,6.0,-33.0,-4.0
2020-09-27,0.095,70.71428571428571,1.2003514938488578,-14.0,-28.0,-48.0
2020-09-28,0.095,59.0,1.1669595782073814,8.0,47.0,35.0
2020-09-29,0.095,62.285714285714285,1.1669595782073812,-4.0,-49.0,5.0
2020-09-30,0.095,70.28571428571429,1.2003514938488578,-21.0,-70.0,19.0
2020-10-01,0.10700000000000001,73.42857142857143,1.2003514938488578,-20.0,-158.0,18.0
2020-10-02,0.10700000000000001,78.57142857142857,1.2003514938488578,-5.0,-21.0,-23.0
2020-10-03,0.10700000000000001,81.0,1.2003514938488578,5.0,91.0,8.0
2020-10-04,0.10700000000000001,86.57142857142857,1.2003514938488578,-7.0,-64.0,-52.0
2020-10-05,0.10700000000000001,91.0,1.233743409490334,-2.0,44.0,40.0
2020-10-06,0.10700000000000001,88.85714285714286,1.233743409490334,-2.0,-6.0,6.0
2020-10-07,0.10700000000000001,78.85714285714286,1.233743409490334,5.0,91.0,14.0
2020-10-08,0.10700000000000001,70.28571428571429,1.233743409490334,8.0,-10.0,29.0
2020-10-09,0.10700000000000001,81.42857142857143,1.233743409490334,12.0,98.0,-16.0
2020-10-10,0.10700000000000001,74.28571428571429,1.233743409490334,3.0,-62.0,-14.0
2020-10-11,0.10700000000000001,66.71428571428571,1.233743409490334,-3.0,5.0,-37.0
2020-10-12,0.10700000000000001,92.28571428571429,1.2003514938488578,0.0,-4.0,33.0
2020-10-13,0.10700000000000001,100.14285714285714,1.1669595782073812,6.0,-9.0,-11.0
2020-10-14,0.10700000000000001,100.14285714285714,1.4192819482801906,-2.0,37.0,0.0
2020-10-15,0.10700000000000001,108.0,1.4192819482801908,2.0,-82.0,16.0
2020-10-16,0.10700000000000001,102.28571428571429,1.4192819482801908,7.0,135.0,-1.0
2020-10-17,0.10700000000000001,107.0,1.957318604067286,2.0,-23.0,-7.0
2020-10-18,0.10700000000000001,113.85714285714286,1.9573186040672859,-6.0,-76.0,-40.0
2020-10-19,0.10700000000000001,101.85714285714286,1.990710519708762,6.0,20.0,34.0
2020-10-20,0.10700000000000001,93.85714285714286,1.990710519708762,-2.0,-13.0,8.0
2020-10-21,0.10700000000000001,103.28571428571429,1.7383881496359526,-10.0,16.0,9.0
2020-10-22,0.10700000000000001,114.85714285714286,1.7383881496359526,-10.0,-99.0,9.0
2020-10-23,0.10700000000000001,118.85714285714286,1.7383881496359528,4.0,40.0,-16.0
2020-10-24,0.10700000000000001,116.71428571428571,1.3098167210645244,5.0,-24.0,12.0
2020-10-25,0.10700000000000001,115.71428571428571,1.276424805423048,-17.0,10.0,49.0
2020-10-26,0.10700000000000001,101.42857142857143,1.3858900326387147,5.0,2.0,-67.0
2020-10-27,0.10700000000000001,100.85714285714286,1.4192819482801908,-4.0,21.0,26.0
2020-10-28,0.10700000000000001,97.85714285714286,1.3858900326387147,6.0,11.0,-26.0
2020-10-29,0.10700000000000001,85.42857142857143,1.352498116997238,2.0,-67.0,29.0
2020-10-30,0.10700000000000001,72.71428571428571,1.7476776299271906,6.0,17.0,2.0
2020-10-31,0.10700000000000001,76.0,1.638212402711524,4.0,90.0,-15.0
2020-11-01,0.062000000000000006,64.14285714285714,1.671604318353,-4.0,-83.0,-35.0
2020-11-02,0.062000000000000006,61.857142857142854,1.814461461210143,-1.0,13.0,39.0
2020-11-03,0.062000000000000006,60.714285714285715,1.814461461210143,-1.0,-5.0,-23.0
2020-11-04,0.062000000000000006,54.714285714285715,1.9573186040672859,-11.0,55.0,35.0
2020-11-05,0.062000000000000006,52.857142857142854,1.9573186040672859,-2.0,-102.0,-9.0
2020-11-06,0.062000000000000006,54.57142857142857,1.5621390911373336,2.0,108.0,3.0
2020-11-07,0.062000000000000006,58.285714285714285,1.5621390911373336,5.0,-2.0,-10.0
2020-11-08,0.062000000000000006,57.0,1.5287471754958573,-3.0,-79.0,-46.0
2020-11-09,0.062000000000000006,58.142857142857146,1.2764248054230478,-2.0,22.0,49.0
2020-11-10,0.062000000000000006,55.0,1.671604318353,1.0,-13.0,16.0
2020-11-11,0.062000000000000006,53.0,1.5621390911373338,-3.0,37.0,-14.0
2020-11-12,0.062000000000000006,50.142857142857146,1.59553100677881,-1.0,-98.0,26.0
2020-11-13,0.062000000000000006,44.42857142857143,1.7049962339944766,1.0,84.0,1.0
2020-11-14,0.062000000000000006,42.142857142857146,1.7049962339944766,7.0,-50.0,-25.0
2020-11-15,0.062000000000000006,58.714285714285715,1.7383881496359528,-3.0,-19.0,-58.0
2020-11-16,0.062000000000000006,74.57142857142857,1.7049962339944766,0.0,38.0,56.0
2020-11-17,0.062000000000000006,93.14285714285714,1.3098167210645244,1.0,-37.0,-16.0
2020-11-18,0.062000000000000006,112.57142857142857,1.276424805423048,-2.0,44.0,1.0
2020-11-19,0.062000000000000006,120.71428571428571,1.276424805423048,-1.0,-54.0,3.0
2020-11-20,0.062000000000000006,138.57142857142858,1.276424805423048,1.0,72.0,-9.0
2020-11-21,0.062000000000000006,132.0,1.2430328897815717,0.0,26.0,-8.0
2020-11-22,0.062000000000000006,127.42857142857143,1.352498116997238,2.0,-78.0,-32.0
2020-11-23,0.062000000000000006,118.14285714285714,1.4953552598543811,-5.0,11.0,52.0
2020-11-24,0.062000000000000006,106.14285714285714,1.4953552598543811,-1.0,14.0,12.0
2020-11-25,0.062000000000000006,89.28571428571429,1.5287471754958573,3.0,35.0,-25.0
2020-11-26,0.062000000000000006,85.71428571428571,1.638212402711524,-2.0,-94.0,21.0
2020-11-27,0.062000000000000006,69.0,1.4953552598543811,0.0,109.0,-6.0
2020-11-28,0.062000000000000006,63.0,1.5287471754958575,9.0,-60.0,-22.0
2020-11-29,0.062000000000000006,54.57142857142857,1.4192819482801908,-2.0,-17.0,-37.0
2020-11-30,0.062000000000000006,47.714285714285715,1.3098167210645244,-5.0,-49.0,46.0
2020-12-01,0.07387096774193548,39.714285714285715,1.309816721064524,1.0,-17.0,-31.0
2020-12-02,0.07387096774193548,37.57142857142857,1.3098167210645244,-8.0,155.0,30.0
2020-12-03,0.07387096774193548,31.857142857142858,1.2003514938488578,6.0,-93.0,9.0
2020-12-04,0.07387096774193548,30.571428571428573,1.2003514938488578,-4.0,106.0,11.0
2020-12-05,0.07387096774193548,32.142857142857146,1.2003514938488578,2.0,37.0,28.0
2020-12-06,0.07387096774193548,31.428571428571427,1.1669595782073814,0.0,-95.0,-71.0
2020-12-07,0.07387096774193548,33.142857142857146,1.1669595782073812,-6.0,21.0,45.0
2020-12-08,0.07387096774193548,38.57142857142857,1.133567662565905,5.0,-8.0,-14.0
2020-12-09,0.07387096774193548,36.285714285714285,1.133567662565905,4.0,56.0,40.0
2020-12-10,0.07387096774193548,45.57142857142857,1.1001757469244287,7.0,-62.0,23.0
2020-12-11,0.07387096774193548,47.0,1.133567662565905,7.0,105.0,-3.0
2020-12-12,0.07387096774193548,48.0,1.133567662565905,4.0,-23.0,-19.0
2020-12-13,0.07387096774193548,47.142857142857146,1.1669595782073812,-3.0,-25.0,-46.0
2020-12-14,0.07387096774193548,44.285714285714285,1.133567662565905,-5.0,4.0,60.0
2020-12-15,0.07387096774193548,40.285714285714285,1.1669595782073814,2.0,-21.0,8.0
2020-12-16,0.07387096774193548,39.857142857142854,1.133567662565905,-2.0,11.0,14.0
2020-12-17,0.07387096774193548,31.142857142857142,1.4192819482801906,2.0,-89.0,4.0
2020-12-18,0.07387096774193548,28.285714285714285,1.4192819482801908,-2.0,87.0,-6.0
2020-12-19,0.0738709677419355,23.571428571428573,1.4192819482801908,1.0,5.0,-26.0
2020-12-20,0.0738709677419355,19.0,1.4192819482801906,-1.0,-63.0,-47.0
2020-12-21,0.0738709677419355,18.571428571428573,1.452673863921667,-2.0,-26.0,42.0
2020-12-22,0.0738709677419355,15.0,1.7049962339944764,1.0,-52.0,-17.0
2020-12-23,0.0738709677419355,12.857142857142858,1.7049962339944764,0.0,-2.0,-16.0
2020-12-24,0.0738709677419355,10.0,1.452673863921667,3.0,-101.0,-13.0
2020-12-25,0.0738709677419355,9.0,1.452673863921667,18.0,-17.0,-132.0
2020-12-26,0.0738709677419355,8.0,1.4192819482801906,-1.0,84.0,68.0
2020-12-27,0.0738709677419355,15.909866934471504,1.4192819482801906,-11.0,86.0,7.0
2020-12-28,0.0738709677419355,15.624152648757217,1.3858900326387145,-3.0,-138.0,45.0
2020-12-29,0.0738709677419355,15.33843836304293,1.133567662565905,2.0,36.0,-17.0
2020-12-30,0.0738709677419355,14.33843836304293,1.1669595782073814,2.0,16.0,1.0
2020-12-31,0.0738709677419355,20.53401958322872,1.1669595782073814,-11.0,-61.0,43.0
2021-01-01,0.09065818181818229,20.96259101180015,1.1669595782073814,16.0,-29.0,-143.0
2021-01-02,0.09065818181818229,28.729600803414513,1.2003514938488578,5.0,124.0,69.0
2021-01-03,0.09065818181818229,20.81973386894301,1.2003514938488578,-11.0,71.0,7.0
2021-01-04,0.09065818181818229,19.534019583228723,1.233743409490334,-5.0,-96.0,63.0
2021-01-05,0.09065818181818229,18.962591011800153,1.233743409490334,5.0,-1.0,-16.0
2021-01-06,0.09065818181818229,20.81973386894301,1.2003514938488578,-2.0,80.0,0.0
2021-01-07,0.09065818181818229,13.624152648757217,1.3098167210645244,2.0,-82.0,10.0
2021-01-08,0.09065818181818229,20.53401958322872,1.309816721064524,-1.0,102.0,-13.0
2021-01-09,0.09065818181818229,14.624152648757219,1.4192819482801906,0.0,12.0,-2.0
2021-01-10,0.09065818181818229,14.909866934471504,1.4192819482801908,-1.0,34.0,-39.0
2021-01-11,0.09065818181818229,15.481295505900075,1.4192819482801908,-1.0,-31.0,38.0
2021-01-12,0.09065818181818229,16.624152648757217,1.4192819482801908,-1.0,-23.0,-3.0
2021-01-13,0.09065818181818229,15.052724077328646,1.5621390911373338,-5.0,17.0,-2.0
2021-01-14,0.09065818181818229,18.76700979161436,1.452673863921667,0.0,-107.0,6.0
2021-01-15,0.09065818181818229,11.285714285714286,1.5621390911373336,1.0,74.0,-22.0
2021-01-16,0.09065818181818229,11.285714285714286,1.452673863921667,10.0,25.0,-16.0
2021-01-17,0.09065818181818229,11.428571428571429,1.452673863921667,-5.0,-42.0,-19.0
2021-01-18,0.09065818181818229,10.571428571428571,1.452673863921667,0.0,10.0,48.0
2021-01-19,0.09065818181818229,9.857142857142858,1.452673863921667,4.0,-7.0,-15.0
2021-01-20,0.09065818181818229,9.142857142857142,1.3432086367060005,3.0,38.0,0.0
2021-01-21,0.09065818181818229,5.0,1.3432086367060005,2.0,-76.0,8.0
2021-01-22,0.09065818181818229,4.714285714285714,1.233743409490334,-3.0,106.0,16.0
2021-01-23,0.09065818181818229,3.142857142857143,1.233743409490334,5.0,-54.0,-6.0
2021-01-24,0.09065818181818229,10.624152648757217,1.233743409490334,-18.0,14.0,-34.0
2021-01-25,0.09065818181818229,10.624152648757217,1.233743409490334,11.0,32.0,58.0
2021-01-26,0.09065818181818229,10.195581220185788,1.233743409490334,22.0,-184.0,-113.0
2021-01-27,0.09065818181818229,10.33843836304293,1.233743409490334,-26.0,238.0,123.0
2021-01-28,0.09065818181818229,10.052724077328646,1.233743409490334,-1.0,-124.0,4.0
2021-01-29,0.09065818181818229,10.33843836304293,1.233743409490334,-3.0,26.0,-59.0
2021-01-30,0.09065818181818229,10.052724077328646,1.233743409490334,-16.0,36.0,67.0
2021-01-31,0.09065818181818229,2.5714285714285716,1.233743409490334,-6.0,-58.0,-61.0
2021-02-01,0.09065818181818229,2.857142857142857,1.233743409490334,2.0,-12.0,56.0
2021-02-02,0.09065818181818229,2.857142857142857,1.233743409490334,-1.0,-13.0,-1.0
2021-02-03,0.09065818181818229,4.857142857142857,1.233743409490334,3.0,2.0,-24.0
2021-02-04,0.09065818181818229,5.285714285714286,1.233743409490334,-2.0,-94.0,32.0
2021-02-05,0.09065818181818229,5.428571428571429,1.233743409490334,1.0,84.0,-11.0
2021-02-06,0.09065818181818229,8.285714285714286,1.233743409490334,5.0,-7.0,5.0
2021-02-07,0.09065818181818229,9.142857142857142,1.233743409490334,-2.0,-80.0,-45.0
2021-02-08,0.09065818181818229,8.714285714285714,1.233743409490334,-7.0,59.0,40.0
2021-02-09,0.09065818181818229,9.285714285714286,1.233743409490334,3.0,-8.0,-10.0
2021-02-10,0.09065818181818229,7.285714285714286,1.233743409490334,3.0,51.0,9.0
2021-02-11,0.09065818181818229,7.714285714285714,1.233743409490334,-5.0,-68.0,12.0
2021-02-12,0.09065818181818229,7.142857142857143,1.233743409490334,2.0,99.0,9.0
2021-02-13,0.09065818181818229,5.0,1.233743409490334,8.0,-78.0,-14.0
2021-02-14,0.09065818181818229,4.428571428571429,1.233743409490334,-5.0,-61.0,-58.0
2021-02-15,0.09065818181818229,12.195581220185788,1.233743409490334,-2.0,84.0,50.0
2021-02-16,0.09065818181818229,11.481295505900075,1.3432086367060005,3.0,-9.0,3.0
2021-02-17,0.09065818181818229,19.248305297514435,1.3432086367060005,1.0,40.0,-4.0
2021-02-18,0.09065818181818229,18.391162440371577,1.3098167210645244,2.0,-76.0,17.0
2021-02-19,0.09065818181818229,26.301029374843086,1.3098167210645244,1.0,83.0,-2.0
2021-02-20,0.09065818181818229,33.35375345217173,1.3098167210645244,2.0,-4.0,-2.0
2021-02-21,0.09065818181818229,32.639467737886015,1.3098167210645244,-6.0,-88.0,-75.0
2021-02-22,0.09065818181818229,32.639467737886015,1.309816721064524,2.0,77.0,65.0
2021-02-23,0.09065818181818229,40.549334672357524,1.2003514938488578,4.0,1.0,12.0
2021-02-24,0.09065818181818229,40.549334672357524,1.2003514938488578,-2.0,25.0,1.0
2021-02-25,0.09065818181818229,41.26362038664324,1.233743409490334,-3.0,-87.0,23.0
2021-02-26,0.09065818181818229,41.26362038664323,1.233743409490334,20.0,-37.0,-119.0
2021-02-27,0.09065818181818229,33.35375345217173,1.233743409490334,-16.0,56.0,138.0
2021-02-28,0.09065818181818229,33.35375345217173,1.233743409490334,0.0,-68.0,-77.0
2021-03-01,0.09065818181818229,33.35375345217173,1.233743409490334,-11.0,111.0,50.0
2021-03-02,0.09065818181818229,33.35375345217172,1.233743409490334,6.0,-15.0,6.0
2021-03-03,0.09065818181818229,26.015315089128794,1.233743409490334,2.0,48.0,-31.0
2021-03-04,0.09065818181818229,25.872457946271652,1.233743409490334,2.0,-89.0,20.0
2021-03-05,0.09065818181818229,25.872457946271656,1.233743409490334,1.0,88.0,-23.0
2021-03-06,0.09065818181818229,25.872457946271656,1.233743409490334,-9.0,-23.0,0.0
2021-03-07,0.09065818181818229,26.58674366055737,1.233743409490334,2.0,-95.0,-38.0
2021-03-08,0.09065818181818229,26.58674366055737,1.233743409490334,0.0,94.0,57.0
2021-03-09,0.09065818181818229,26.586743660557367,1.233743409490334,5.0,-32.0,-13.0
2021-03-10,0.09065818181818229,33.9251820236003,1.233743409490334,-3.0,59.0,5.0
2021-03-11,0.09065818181818229,41.26362038664323,1.233743409490334,-4.0,-86.0,20.0
2021-03-12,0.09065818181818229,33.78232488074316,1.233743409490334,2.0,82.0,-7.0
2021-03-13,0.09065818181818229,34.210896309314585,1.233743409490334,2.0,-66.0,20.0
2021-03-14,0.09065818181818229,41.40647752950037,1.233743409490334,4.0,-59.0,-71.0
2021-03-15,0.09065818181818229,41.40647752950038,1.233743409490334,-9.0,89.0,51.0
2021-03-16,0.09065818181818229,41.40647752950038,1.233743409490334,3.0,1.0,-17.0
2021-03-17,0.09065818181818229,41.40647752950038,1.233743409490334,1.0,74.0,7.0
2021-03-18,0.09065818181818229,41.40647752950037,1.233743409490334,-1.0,-81.0,23.0
2021-03-19,0.09065818181818229,48.88777303540046,1.233743409490334,1.0,121.0,7.0
2021-03-20,0.09065818181818229,56.36906854130053,1.233743409490334,8.0,-55.0,-16.0
2021-03-21,0.09065818181818229,56.36906854130053,1.233743409490334,-2.0,-126.0,-62.0
2021-03-22,0.09065818181818229,56.36906854130053,1.233743409490334,-11.0,137.0,70.0
2021-03-23,0.09065818181818229,56.36906854130053,1.233743409490334,4.0,-55.0,-27.0
2021-03-24,0.09065818181818229,48.459201606829026,1.233743409490334,4.0,70.0,10.0
2021-03-25,0.09065818181818229,40.8350489580718,1.2003514938488578,0.0,-78.0,13.0
2021-03-26,0.09065818181818229,40.83504895807181,1.2003514938488578,-3.0,95.0,2.0
2021-03-27,0.09065818181818229,40.83504895807181,1.2003514938488578,5.0,-86.0,-18.0
2021-03-28,0.09065818181818229,32.9251820236003,1.2003514938488578,3.0,-79.0,-36.0
2021-03-29,0.09065818181818229,25.301029374843086,1.2003514938488578,8.0,-79.0,-23.0
2021-03-30,0.09065818181818229,25.301029374843086,1.2003514938488578,-11.0,171.0,59.0
2021-03-31,0.09065818181818229,40.44388651770022,1.2003514938488578,-5.0,28.0,-6.0
2021-04-01,0.09065818181818229,40.729600803414506,1.233743409490334,-3.0,-132.0,25.0
2021-04-02,0.09065818181818229,34.96259101180015,1.233743409490334,25.0,-140.0,-118.0
2021-04-03,0.09065818181818229,27.052724077328644,1.233743409490334,-17.0,165.0,70.0
2021-04-04,0.09065818181818229,27.052724077328644,1.233743409490334,-10.0,-33.0,-18.0
2021-04-05,0.09065818181818229,26.909866934471502,1.233743409490334,1.0,78.0,84.0
2021-04-06,0.09065818181818229,26.909866934471502,1.233743409490334,1.0,13.0,-47.0
2021-04-07,0.09065818181818229,13.195581220185788,1.233743409490334,3.0,47.0,3.0
2021-04-08,0.09065818181818229,13.195581220185788,1.233743409490334,0.0,-90.0,7.0
2021-04-09,0.09065818181818229,11.909866934471504,1.233743409490334,-3.0,126.0,15.0
2021-04-10,0.09065818181818229,13.481295505900075,1.233743409490334,11.0,-133.0,-15.0
2021-04-11,0.09065818181818229,14.052724077328646,1.2003514938488578,1.0,-81.0,-47.0
2021-04-12,0.09065818181818229,15.33843836304293,1.2003514938488578,-5.0,193.0,36.0
2021-04-13,0.09065818181818229,8.857142857142858,1.2003514938488578,1.0,-33.0,12.0
2021-04-14,0.09065818181818229,9.142857142857142,1.2003514938488578,4.0,4.0,-16.0
2021-04-15,0.09065818181818229,14.428571428571429,1.2003514938488578,-1.0,-50.0,12.0
2021-04-16,0.09065818181818229,16.571428571428573,1.1669595782073814,2.0,91.0,-6.0
2021-04-17,0.09065818181818229,19.428571428571427,1.1669595782073814,6.0,-62.0,-10.0
2021-04-18,0.09065818181818229,21.428571428571427,1.2003514938488578,-6.0,-162.0,-49.0
2021-04-19,0.09065818181818229,21.714285714285715,1.2003514938488578,0.0,185.0,54.0
2021-04-20,0.09065818181818229,31.857142857142858,1.2003514938488578,3.0,-3.0,7.0
2021-04-21,0.09065818181818229,43.857142857142854,1.2003514938488578,1.0,0.0,-3.0
2021-04-22,0.09065818181818229,45.42857142857143,1.2003514938488578,0.0,-79.0,3.0
2021-04-23,0.09065818181818229,55.0,1.233743409490334,2.0,64.0,-15.0
2021-04-24,0.09065818181818229,66.71428571428571,1.2003514938488578,3.0,-76.0,-21.0
2021-04-25,0.09065818181818229,89.71428571428571,1.452673863921667,-6.0,-66.0,-52.0
2021-04-26,0.09065818181818229,95.71428571428571,1.4526738639216672,3.0,155.0,52.0
2021-04-27,0.09065818181818229,113.57142857142857,1.4192819482801908,9.0,-41.0,-18.0
2021-04-28,0.09065818181818229,117.42857142857143,1.3858900326387147,-9.0,24.0,57.0
2021-04-29,0.09065818181818229,135.71428571428572,1.3858900326387145,1.0,-86.0,30.0
2021-04-30,0.09065818181818229,155.28571428571428,1.7810695455686667,12.0,27.0,-88.0
2021-05-01,0.074,161.57142857142858,2.0667838312829523,7.0,-58.0,-44.0
2021-05-02,0.074,166.71428571428572,1.9239266884258097,-7.0,-29.0,-24.0
2021-05-03,0.074,173.28571428571428,2.6048204870700475,2.0,15.0,40.0
2021-05-04,0.074,181.71428571428572,2.8905347727843336,0.0,-4.0,24.0
2021-05-05,0.074,205.0,2.9239266884258095,7.0,18.0,-31.0
2021-05-06,0.074,217.28571428571428,3.176249058498619,23.0,-118.0,-34.0
2021-05-07,0.074,229.14285714285714,2.7476776299271903,-2.0,68.0,8.0
2021-05-08,0.074,214.62415264875722,2.495355259854381,3.0,-38.0,4.0
2021-05-09,0.074,265.1955812201858,4.781069545568667,-21.0,-52.0,-67.0
2021-05-10,0.074,269.7670097916144,5.352498116997238,20.0,46.0,7.0
2021-05-11,0.074,270.1955812201858,5.781069545568667,-3.0,-1.0,19.0
2021-05-12,0.074,277.48129550590005,6.890534772784333,-5.0,10.0,25.0
2021-05-13,0.074,291.6241526487572,8.176249058498618,1.0,-68.0,-10.0
2021-05-14,0.074,286.7670097916144,9.890534772784333,21.0,-21.0,-48.0
2021-05-15,0.074,322.14285714285717,10.571428571428571,27.0,-40.0,-86.0
2021-05-16,0.074,275.14285714285717,9.857142857142858,-41.0,4.0,21.0
2021-05-17,0.074,295.14285714285717,9.428571428571429,28.0,54.0,-1.0
2021-05-18,0.074,308.85714285714283,10.285714285714286,4.0,-77.0,0.0
2021-05-19,0.074,295.42857142857144,9.857142857142858,-2.0,29.0,7.0
2021-05-20,0.074,289.7142857142857,9.714285714285714,6.0,-39.0,3.0
2021-05-21,0.074,294.57142857142856,9.714285714285714,-5.0,77.0,17.0
2021-05-22,0.074,287.14285714285717,10.714285714285714,10.0,-30.0,-7.0
2021-05-23,0.074,284.57142857142856,10.857142857142858,-40.0,6.0,-13.0
2021-05-24,0.074,272.85714285714283,11.571428571428571,22.0,14.0,7.0
2021-05-25,0.074,260.14285714285717,12.428571428571429,7.0,-11.0,0.0
2021-05-26,0.074,262.42857142857144,13.285714285714286,-4.0,-3.0,10.0
2021-05-27,0.074,248.42857142857142,13.285714285714286,6.0,-13.0,-9.0
2021-05-28,0.074,231.71428571428572,12.142857142857142,-3.0,84.0,8.0
2021-05-29,0.074,218.0,11.285714285714286,5.0,28.0,7.0
2021-05-30,0.074,213.57142857142858,11.142857142857142,-36.0,26.0,-11.0
2021-05-31,0.074,203.0,11.285714285714286,40.0,-80.0,-24.0
2021-06-01,0.074,188.42857142857142,10.0,-6.0,-10.0,3.0
2021-06-02,0.074,182.42857142857142,10.285714285714286,-16.0,49.0,65.0
2021-06-03,0.074,173.85714285714286,9.428571428571429,8.0,-57.0,-21.0
2021-06-04,0.074,167.42857142857142,10.428571428571429,-2.0,78.0,19.0
2021-06-05,0.074,189.28571428571428,10.285714285714286,7.0,8.0,-11.0
2021-06-06,0.074,172.85714285714286,9.0,-36.0,25.0,-6.0
2021-06-07,0.074,176.85714285714286,7.571428571428571,27.0,-45.0,-4.0
2021-06-08,0.074,171.0,6.714285714285714,5.0,-22.0,-15.0
2021-06-09,0.074,166.42857142857142,5.142857142857143,-8.0,42.0,15.0
2021-06-10,0.074,158.57142857142858,5.285714285714286,3.0,-59.0,0.0
2021-06-11,0.074,154.14285714285714,4.142857142857143,-13.0,84.0,20.0
2021-06-12,0.074,123.71428571428571,3.7142857142857144,10.0,-37.0,0.0
2021-06-13,0.074,124.42857142857143,3.857142857142857,-33.0,31.0,-20.0
2021-06-14,0.074,119.28571428571429,3.857142857142857,22.0,-15.0,13.0
2021-06-15,0.074,114.71428571428571,3.857142857142857,0.0,6.0,-1.0
2021-06-16,0.074,104.0,3.7142857142857144,0.0,-9.0,15.0
2021-06-17,0.074,98.71428571428571,3.5714285714285716,-4.0,-40.0,5.0
2021-06-18,0.074,90.14285714285714,3.142857142857143,4.0,87.0,8.0
2021-06-19,0.074,89.85714285714286,2.857142857142857,6.0,-14.0,-9.0
2021-06-20,0.074,86.28571428571429,2.2857142857142856,-35.0,-48.0,-15.0
2021-06-21,0.074,88.71428571428571,2.7142857142857144,23.0,46.0,-8.0
2021-06-22,0.074,83.42857142857143,2.5714285714285716,0.0,-14.0,9.0
2021-06-23,0.074,82.28571428571429,2.4619633442129047,5.0,-13.0,-3.0
2021-06-24,0.074,84.0,2.0333919156414764,-6.0,-16.0,17.0
2021-06-25,0.074,94.57142857142857,2.176249058498619,-2.0,82.0,17.0
2021-06-26,0.074,94.14285714285714,2.8905347727843336,5.0,-63.0,0.0
2021-06-27,0.074,101.85714285714286,2.9239266884258095,-23.0,-1.0,-7.0
2021-06-28,0.074,91.85714285714286,2.9239266884258095,16.0,30.0,-2.0
2021-06-29,0.074,96.14285714285714,2.814461461210143,3.0,14.0,14.0
2021-06-30,0.074,99.71428571428571,2.9239266884258095,1.0,-24.0,-10.0
2021-07-01,0.09065818181818229,96.57142857142857,3.0667838312829523,0.0,-12.0,9.0
2021-07-02,0.09065818181818229,89.0,2.957318604067286,-9.0,106.0,55.0
2021-07-03,0.09065818181818229,85.85714285714286,2.2430328897815714,3.0,-44.0,-19.0
2021-07-04,0.09065818181818229,79.71428571428571,2.2430328897815714,-22.0,-39.0,-31.0
2021-07-05,0.09065818181818229,77.42857142857143,1.5621390911373336,-2.0,54.0,29.0
2021-07-06,0.09065818181818229,72.57142857142857,1.9573186040672859,11.0,-5.0,3.0
2021-07-07,0.09065818181818229,60.57142857142857,1.9573186040672859,11.0,-5.0,-22.0
2021-07-08,0.09065818181818229,60.285714285714285,1.7049962339944766,-2.0,-65.0,8.0
2021-07-09,0.09065818181818229,57.857142857142854,1.8144614612101433,-5.0,92.0,46.0
2021-07-10,0.09065818181818229,63.857142857142854,1.8478533768516194,3.0,-67.0,-10.0
2021-07-11,0.09065818181818229,65.28571428571429,1.8478533768516194,-23.0,-24.0,-28.0
2021-07-12,0.09065818181818229,70.42857142857143,2.243032889781572,14.0,51.0,6.0
2021-07-13,0.09065818181818229,74.42857142857143,2.1001757469244287,-2.0,8.0,30.0
2021-07-14,0.09065818181818229,83.71428571428571,2.1001757469244287,10.0,-5.0,-33.0
2021-07-15,0.09065818181818229,93.42857142857143,2.1001757469244287,-3.0,-35.0,6.0
2021-07-16,0.09065818181818229,98.42857142857143,2.2430328897815714,-2.0,95.0,42.0
2021-07-17,0.09065818181818229,96.85714285714286,2.7810695455686667,1.0,-28.0,20.0
2021-07-18,0.09065818181818229,100.85714285714286,3.176249058498619,-15.0,-90.0,-34.0
2021-07-19,0.09065818181818229,98.85714285714286,2.8905347727843336,12.0,57.0,10.0
2021-07-20,0.09065818181818229,99.71428571428571,2.7476776299271903,-7.0,-2.0,4.0
2021-07-21,0.09065818181818229,99.14285714285714,2.8905347727843336,4.0,-74.0,-28.0
2021-07-22,0.09065818181818229,91.85714285714286,2.857142857142857,2.0,62.0,19.0
2021-07-23,0.09065818181818229,91.42857142857143,2.5714285714285716,-4.0,75.0,59.0
2021-07-24,0.09065818181818229,94.85714285714286,2.0,10.0,-73.0,-26.0
2021-07-25,0.09065818181818229,89.42857142857143,2.0,-19.0,13.0,-26.0
2021-07-26,0.09065818181818229,88.28571428571429,2.142857142857143,12.0,30.0,14.0
2021-07-27,0.09065818181818229,90.57142857142857,2.5714285714285716,1.0,-8.0,1.0
2021-07-28,0.09065818181818229,91.85714285714286,2.4285714285714284,2.0,-18.0,-22.0
2021-07-29,0.09065818181818229,89.85714285714286,2.857142857142857,1.0,-20.0,16.0
2021-07-30,0.09065818181818229,85.28571428571429,3.4285714285714284,-6.0,75.0,60.0
2021-07-31,0.09065818181818229,90.28571428571429,4.0,5.0,-8.0,-9.0
2021-08-01,0.09065818181818229,91.0,4.0,-16.0,-95.0,-33.0
2021-08-02,0.09065818181818229,91.71428571428571,4.142857142857143,4.0,85.0,30.0
2021-08-03,0.09065818181818229,85.71428571428571,3.857142857142857,15.0,-35.0,-60.0
2021-08-04,0.09065818181818229,90.14285714285714,3.857142857142857,-7.0,67.0,39.0
2021-08-05,0.09065818181818229,97.42857142857143,3.5714285714285716,-14.0,-53.0,23.0
2021-08-06,0.09065818181818229,104.57142857142857,3.0,5.0,110.0,34.0
2021-08-07,0.09065818181818229,97.0,2.4285714285714284,15.0,-41.0,-28.0
2021-08-08,0.09065818181818229,97.57142857142857,2.142857142857143,-21.0,-97.0,-8.0
2021-08-09,0.09065818181818229,100.71428571428571,1.7476776299271906,5.0,98.0,16.0
2021-08-10,0.09065818181818229,105.57142857142857,1.4953552598543811,2.0,27.0,0.0
2021-08-11,0.09065818181818229,94.0,2.0667838312829523,1.0,-4.0,-8.0
2021-08-12,0.09065818181818229,88.57142857142857,2.0667838312829523,-3.0,-31.0,19.0
2021-08-13,0.09065818181818229,84.42857142857143,2.0667838312829523,2.0,78.0,-7.0
2021-08-14,0.09065818181818229,78.0,2.3524981169972383,10.0,-88.0,-15.0
2021-08-15,0.09065818181818229,74.71428571428571,2.638212402711524,-18.0,-38.0,-30.0
2021-08-16,0.09065818181818229,69.42857142857143,3.0333919156414764,8.0,84.0,25.0
2021-08-17,0.09065818181818229,66.14285714285714,3.142857142857143,5.0,-48.0,0.0
2021-08-18,0.09065818181818229,65.14285714285714,2.4285714285714284,-4.0,64.0,9.0
2021-08-19,0.09065818181818229,62.142857142857146,2.319106201355762,-1.0,-66.0,44.0
2021-08-20,0.09065818181818229,63.714285714285715,2.319106201355762,7.0,72.0,-18.0
2021-08-21,0.09065818181818229,65.28571428571429,2.0667838312829523,4.0,-22.0,0.0
2021-08-22,0.09065818181818229,62.57142857142857,1.638212402711524,-18.0,-74.0,-29.0
2021-08-23,0.09065818181818229,61.0,1.2430328897815717,10.0,86.0,15.0
2021-08-24,0.09065818181818229,56.42857142857143,1.1001757469244289,1.0,-9.0,1.0
2021-08-25,0.09065818181818229,55.285714285714285,1.1001757469244289,3.0,37.0,-10.0
2021-08-26,0.09065818181818229,55.42857142857143,1.1001757469244289,-4.0,-75.0,39.0
2021-08-27,0.09065818181818229,51.285714285714285,1.2430328897815717,-6.0,99.0,21.0
2021-08-28,0.09065818181818229,52.285714285714285,1.243032889781572,11.0,-115.0,-16.0
2021-08-29,0.09065818181818229,54.714285714285715,1.5287471754958573,-12.0,-55.0,-55.0
2021-08-30,0.09065818181818229,54.42857142857143,1.5287471754958575,14.0,24.0,23.0
2021-08-31,0.09065818181818229,59.142857142857146,1.814461461210143,-12.0,132.0,30.0
2021-09-01,0.09065818181818229,62.714285714285715,1.8478533768516194,8.0,-23.0,-10.0
2021-09-02,0.09065818181818229,60.857142857142854,2.2430328897815714,0.0,-39.0,36.0
2021-09-03,0.09065818181818229,57.57142857142857,2.2430328897815714,-8.0,100.0,22.0
2021-09-04,0.09065818181818229,54.57142857142857,2.2430328897815714,4.0,-31.0,-2.0
2021-09-05,0.09065818181818229,54.857142857142854,1.990710519708762,-12.0,-160.0,-50.0
2021-09-06,0.09065818181818229,55.0,2.5287471754958575,5.0,120.0,12.0
2021-09-07,0.09065818181818229,50.285714285714285,2.2430328897815714,1.0,25.0,1.0
2021-09-08,0.09065818181818229,46.857142857142854,2.3524981169972383,4.0,-14.0,-9.0
2021-09-09,0.09065818181818229,43.714285714285715,1.9573186040672859,-3.0,-48.0,46.0
2021-09-10,0.09065818181818229,44.42857142857143,1.8478533768516192,-1.0,118.0,-5.0
2021-09-11,0.09065818181818229,41.714285714285715,1.9573186040672859,2.0,-93.0,-10.0
2021-09-12,0.09065818181818229,39.142857142857146,2.2096409741400955,-9.0,-67.0,-42.0
2021-09-13,0.09065818181818229,38.42857142857143,2.3524981169972383,3.0,129.0,40.0
2021-09-14,0.09065818181818229,37.0,2.3524981169972383,3.0,-38.0,-16.0
2021-09-15,0.09065818181818229,35.142857142857146,2.2430328897815714,0.0,23.0,11.0
2021-09-16,0.09065818181818229,36.142857142857146,2.3524981169972383,26.0,-233.0,-145.0
2021-09-17,0.09065818181818229,32.142857142857146,2.7476776299271903,-22.0,259.0,201.0
2021-09-18,0.09065818181818229,35.142857142857146,2.6048204870700475,4.0,-26.0,-39.0
2021-09-19,0.09065818181818229,33.42857142857143,2.3524981169972383,-12.0,-138.0,-39.0
2021-09-20,0.09065818181818229,35.714285714285715,1.638212402711524,1.0,111.0,50.0
2021-09-21,0.09065818181818229,37.857142857142854,1.9239266884258097,4.0,12.0,-25.0
2021-09-22,0.09065818181818229,37.0,1.8905347727843334,7.0,35.0,54.0
2021-09-23,0.09065818181818229,37.714285714285715,1.8905347727843334,-9.0,-67.0,60.0
2021-09-24,0.09065818181818229,43.57142857142857,1.4619633442129047,1.0,102.0,-26.0
2021-09-25,0.09065818181818229,39.857142857142854,1.4619633442129047,1.0,-105.0,-2.0
2021-09-26,0.09065818181818229,40.857142857142854,1.4619633442129047,-6.0,-109.0,-64.0
2021-09-27,0.09065818181818229,37.142857142857146,1.4619633442129047,-2.0,184.0,36.0
2021-09-28,0.09065818181818229,33.714285714285715,1.1762490584986192,4.0,-24.0,-3.0
2021-09-29,0.09065818181818229,32.714285714285715,1.1762490584986192,3.0,3.0,-22.0
2021-09-30,0.09065818181818229,31.0,1.0667838312829525,8.0,-69.0,-29.0
2021-10-01,0.09065818181818229,25.714285714285715,1.0667838312829525,-16.0,139.0,127.0
2021-10-02,0.09065818181818229,25.142857142857142,1.1001757469244289,8.0,-175.0,-24.0
2021-10-03,0.09065818181818229,23.142857142857142,1.1001757469244289,-8.0,6.0,-84.0
2021-10-04,0.09065818181818229,22.142857142857142,1.133567662565905,-3.0,123.0,98.0
2021-10-05,0.09065818181818229,21.0,1.1669595782073814,6.0,-13.0,-47.0
2021-10-06,0.09065818181818229,22.0,1.1669595782073814,-2.0,44.0,28.0
2021-10-07,0.09065818181818229,21.857142857142858,1.1335676625659052,2.0,-62.0,5.0
2021-10-08,0.09065818181818229,20.714285714285715,1.1335676625659052,-3.0,68.0,14.0
2021-10-09,0.09065818181818229,20.857142857142858,1.2430328897815717,3.0,-98.0,13.0
2021-10-10,0.09065818181818229,19.571428571428573,1.2430328897815717,2.0,-72.0,-79.0
2021-10-11,0.09065818181818229,21.571428571428573,1.2430328897815717,-11.0,127.0,85.0
2021-10-12,0.09065818181818229,21.428571428571427,1.352498116997238,0.0,-17.0,-26.0
2021-10-13,0.09065818181818229,19.142857142857142,1.3858900326387147,-1.0,-20.0,58.0
2021-10-14,0.09065818181818229,17.0,1.4192819482801908,7.0,-223.0,11.0
2021-10-15,0.09065818181818229,19.571428571428573,1.4192819482801908,12.0,38.0,-140.0
2021-10-16,0.09065818181818229,18.571428571428573,1.3098167210645244,-6.0,131.0,60.0
2021-10-17,0.09065818181818229,23.142857142857142,1.309816721064524,-3.0,-101.0,-39.0
2021-10-18,0.09065818181818229,22.0,1.2764248054230478,-7.0,146.0,79.0
2021-10-19,0.09065818181818229,21.285714285714285,1.133567662565905,10.0,-85.0,-63.0
2021-10-20,0.09065818181818229,21.714285714285715,1.133567662565905,-3.0,140.0,51.0
2021-10-21,0.09065818181818229,22.0,1.1001757469244287,3.0,-53.0,-5.0
2021-10-22,0.09065818181818229,20.285714285714285,1.1001757469244287,-8.0,97.0,-21.0
2021-10-23,0.09065818181818229,19.428571428571427,1.0667838312829525,9.0,-106.0,8.0
2021-10-24,0.09065818181818229,14.428571428571429,1.0667838312829525,-7.0,-128.0,-55.0
2021-10-25,0.09065818181818229,14.142857142857142,1.2096409741400953,0.0,178.0,52.0
2021-10-26,0.09065818181818229,15.142857142857142,1.2430328897815717,1.0,-4.0,-19.0
2021-10-27,0.09065818181818229,14.285714285714286,1.2430328897815717,3.0,70.0,22.0
2021-10-28,0.09065818181818229,14.571428571428571,1.5287471754958573,-4.0,-98.0,-12.0
2021-10-29,0.09065818181818229,17.428571428571427,1.5621390911373338,1.0,105.0,4.0
2021-10-30,0.09065818181818229,17.714285714285715,1.59553100677881,2.0,-48.0,31.0
2021-10-31,0.09065818181818229,18.571428571428573,1.5621390911373338,3.0,-169.0,-88.0
2021-11-01,0.09065818181818229,19.0,1.4526738639216672,-12.0,184.0,68.0
2021-11-02,0.09065818181818229,17.285714285714285,1.4192819482801908,4.0,-3.0,12.0
2021-11-03,0.09065818181818229,17.142857142857142,1.3858900326387145,-7.0,43.0,10.0
2021-11-04,0.09065818181818229,17.428571428571427,1.133567662565905,15.0,-281.0,-5.0
2021-11-05,0.09065818181818229,13.428571428571429,1.1001757469244289,-7.0,301.0,-7.0
2021-11-06,0.09065818181818229,13.0,1.0667838312829525,1.0,-60.0,13.0
2021-11-07,0.09065818181818229,13.285714285714286,1.1001757469244287,-4.0,-137.0,-60.0
2021-11-08,0.09065818181818229,11.285714285714286,1.1001757469244287,-3.0,182.0,103.0
2021-11-09,0.09065818181818229,11.857142857142858,1.133567662565905,2.0,-14.0,-63.0
2021-11-10,0.09065818181818229,11.571428571428571,1.4192819482801906,-2.0,14.0,66.0
2021-11-11,0.09065818181818229,10.285714285714286,1.4192819482801908,1.0,-45.0,-37.0
2021-11-12,0.09065818181818229,9.714285714285714,1.4526738639216672,3.0,87.0,-15.0
2021-11-13,0.09065818181818229,8.0,1.4860657795631433,13.0,-142.0,8.0
2021-11-14,0.09065818181818229,8.857142857142858,1.4860657795631433,-11.0,-61.0,-72.0
2021-11-15,0.09065818181818229,10.857142857142858,1.59553100677881,2.0,178.0,94.0
2021-11-16,0.09065818181818229,9.571428571428571,1.5621390911373338,6.0,-17.0,-49.0
2021-11-17,0.09065818181818229,9.142857142857142,1.3098167210645244,-2.0,41.0,58.0
2021-11-18,0.09065818181818229,9.428571428571429,1.3098167210645244,-4.0,-89.0,-42.0
2021-11-19,0.09065818181818229,9.571428571428571,1.3098167210645244,12.0,-110.0,-1.0
2021-11-20,0.09065818181818229,16.909866934471502,1.309816721064524,-1.0,133.0,6.0
2021-11-21,0.09065818181818229,15.624152648757217,1.3098167210645244,-11.0,-192.0,-37.0
2021-11-22,0.09065818181818229,14.624152648757217,1.1669595782073814,4.0,219.0,44.0
2021-11-23,0.09065818181818229,15.195581220185788,1.2003514938488578,7.0,-6.0,-17.0
2021-11-24,0.09065818181818229,15.76700979161436,1.2003514938488578,1.0,35.0,23.0
2021-11-25,0.09065818181818229,16.624152648757217,1.2003514938488578,-2.0,-91.0,-10.0
2021-11-26,0.09065818181818229,16.052724077328644,1.2003514938488578,-1.0,92.0,7.0
2021-11-27,0.09065818181818229,8.571428571428571,1.2003514938488578,2.0,-117.0,23.0
2021-11-28,0.09065818181818229,15.195581220185788,1.2003514938488578,-14.0,-85.0,-50.0
2021-11-29,0.09065818181818229,15.052724077328646,1.233743409490334,5.0,175.0,93.0
2021-11-30,0.09065818181818229,15.76700979161436,1.233743409490334,-2.0,-11.0,-4.0
2021-12-01,0.09065818181818229,14.76700979161436,1.233743409490334,15.0,-198.0,-31.0
2021-12-02,0.09065818181818229,13.195581220185788,1.3432086367060005,-8.0,149.0,51.0
2021-12-03,0.09065818181818229,12.909866934471504,1.3098167210645244,-4.0,108.0,21.0
2021-12-04,0.09065818181818229,20.391162440371577,1.3098167210645244,-1.0,-26.0,18.0
2021-12-05,0.09065818181818229,13.19558122018579,1.309816721064524,-7.0,-179.0,-68.0
2021-12-06,0.09065818181818229,12.481295505900075,1.3098167210645244,51.0,-112.0,-172.0
2021-12-07,0.09065818181818229,10.909866934471504,1.3098167210645244,-39.0,218.0,182.0
2021-12-08,0.09065818181818229,10.624152648757217,1.3098167210645244,-5.0,56.0,2.0
2021-12-09,0.09065818181818229,18.248305297514435,1.2003514938488578,-2.0,-60.0,24.0
2021-12-10,0.09065818181818229,18.391162440371577,1.233743409490334,1.0,86.0,-33.0
2021-12-11,0.09065818181818229,11.052724077328646,1.233743409490334,2.0,-60.0,-6.0
2021-12-12,0.09065818181818229,10.76700979161436,1.233743409490334,-11.0,-166.0,-54.0
2021-12-13,0.09065818181818229,10.624152648757217,1.233743409490334,2.0,188.0,79.0
2021-12-14,0.09065818181818229,10.76700979161436,1.2003514938488578,-1.0,-54.0,-23.0
2021-12-15,0.09065818181818229,18.67687672608586,1.2003514938488578,0.0,17.0,41.0
2021-12-16,0.09065818181818229,11.052724077328648,1.1669595782073814,-1.0,-94.0,38.0
2021-12-17,0.09065818181818229,18.67687672608586,1.1669595782073814,-2.0,82.0,6.0
2021-12-18,0.09065818181818229,18.105448154657292,1.1669595782073814,-3.0,-24.0,-19.0
2021-12-19,0.09065818181818229,18.105448154657292,1.1669595782073812,4.0,-82.0,-54.0
2021-12-20,0.09065818181818229,17.819733868943008,1.1669595782073814,-8.0,-5.0,51.0
2021-12-21,0.09065818181818229,25.443886517700225,1.2003514938488578,2.0,-68.0,-64.0
2021-12-22,0.09065818181818229,17.534019583228723,1.2003514938488578,4.0,-17.0,-24.0
2021-12-23,0.09065818181818229,17.534019583228723,1.2003514938488578,-4.0,-103.0,-23.0
2021-12-24,0.09065818181818229,17.53401958322872,1.2003514938488578,9.0,31.0,-57.0
2021-12-25,0.09065818181818229,25.443886517700225,1.2003514938488578,24.0,-98.0,-211.0
2021-12-26,0.09065818181818229,32.9251820236003,1.2003514938488578,-29.0,163.0,153.0
2021-12-27,0.09065818181818229,34.210896309314585,1.2003514938488578,8.0,-123.0,14.0
2021-12-28,0.09065818181818229,26.301029374843086,1.2003514938488578,1.0,2.0,-26.0
2021-12-29,0.09065818181818229,26.58674366055737,1.2003514938488578,3.0,41.0,3.0
2021-12-30,0.09065818181818229,26.58674366055737,1.233743409490334,-3.0,-30.0,27.0
2021-12-31,0.09065818181818229,19.962591011800153,1.233743409490334,-7.0,92.0,22.0
