FECHA,BMW,Casos,Muertes,Mov Residencial,Mov trabajo,Mov estaciones
2020-06-17,0.621,81.80868691940748,2.4167712779312076,0.0,9.0,5.0
2020-06-18,0.621,81.23725834797891,2.6033140848606573,7.0,-3.0,-7.0
2020-06-19,0.621,50.90434345970374,2.6033140848606577,1.0,2.0,-11.0
2020-06-20,0.621,50.90434345970374,2.6033140848606573,-9.0,30.0,-13.0
2020-06-21,0.621,59.618629173989454,2.273914135074065,7.0,9.0,-24.0
2020-06-22,0.621,58.33291488827517,2.3175997991463717,3.0,-41.0,34.0
2020-06-23,0.621,59.047200602560885,2.3175997991463717,4.0,-19.0,-8.0
2020-06-24,0.621,63.33291488827517,2.646999748932965,-2.0,6.0,11.0
2020-06-25,0.621,65.47577203113231,2.646999748932965,9.0,3.0,-7.0
2020-06-26,0.621,95.80868691940748,2.646999748932965,-1.0,1.0,-8.0
2020-06-27,0.621,80.04720060256088,2.3175997991463717,-6.0,19.0,-17.0
2020-06-28,0.621,101.09440120512177,2.646999748932965,-6.0,33.0,4.0
2020-06-29,0.621,131.14160180768266,2.646999748932965,12.0,-53.0,6.0
2020-06-30,0.621,141.99874466482552,2.789856891790108,-4.0,-9.0,6.0
2020-07-01,1.155483870967742,166.04594526738637,2.789856891790108,-5.0,14.0,6.0
2020-07-02,1.155483870967742,172.7602309816721,2.789856891790108,4.0,-9.0,6.0
2020-07-03,1.155483870967742,172.7602309816721,2.789856891790108,-4.0,12.0,1.0
2020-07-04,1.155483870967742,188.52171729851872,3.119256841576701,-10.0,29.0,-14.0
2020-07-05,1.155483870967742,188.52171729851872,3.119256841576701,1.0,17.0,-8.0
2020-07-06,1.155483870967742,188.5217172985187,3.119256841576701,7.0,-45.0,16.0
2020-07-07,1.155483870967742,193.2360030128044,3.119256841576701,-3.0,-12.0,10.0
2020-07-08,1.155483870967742,171.90308812452923,3.1192568415767004,-2.0,11.0,4.0
2020-07-09,1.155483870967742,179.7602309816721,3.119256841576701,7.0,-3.0,7.0
2020-07-10,1.155483870967742,164.57017323625408,3.0755711775043935,1.0,4.0,-14.0
2020-07-11,1.155483870967742,141.38011549083606,2.7461712277178,-9.0,19.0,-14.0
2020-07-12,1.155483870967742,120.47577203113231,2.746171227717801,-1.0,25.0,-6.0
2020-07-13,1.155483870967742,95.14285714285714,2.7461712277178,6.0,-46.0,15.0
2020-07-14,1.155483870967742,85.85714285714286,2.9327140346472507,-1.0,-11.0,7.0
2020-07-15,1.155483870967742,84.0,2.8890283705749438,-2.0,10.0,21.0
2020-07-16,1.155483870967742,84.57142857142857,2.5596284207883504,7.0,-1.0,1.0
2020-07-17,1.155483870967742,80.0,2.5596284207883504,1.0,5.0,-13.0
2020-07-18,1.155483870967742,79.57142857142857,2.845342706502636,-12.0,30.0,-18.0
2020-07-19,1.155483870967742,83.0,2.8453427065026355,2.0,14.0,-13.0
2020-07-20,1.155483870967742,89.14285714285714,2.5159427567160435,9.0,-47.0,24.0
2020-07-21,1.155483870967742,92.57142857142857,2.18654280692945,-6.0,-7.0,8.0
2020-07-22,1.155483870967742,100.57142857142857,1.9008285212151643,-3.0,10.0,12.0
2020-07-23,1.155483870967742,96.71428571428571,2.18654280692945,6.0,-3.0,-1.0
2020-07-24,1.155483870967742,97.57142857142857,1.9008285212151643,0.0,6.0,-5.0
2020-07-25,1.155483870967742,108.57142857142857,1.9008285212151643,-6.0,23.0,-28.0
2020-07-26,1.155483870967742,112.42857142857143,1.7142857142857142,-2.0,11.0,-4.0
2020-07-27,1.155483870967742,111.42857142857143,2.0,7.0,-40.0,24.0
2020-07-28,1.155483870967742,131.4757720311323,2.3293999497865934,-1.0,-11.0,-1.0
2020-07-29,1.155483870967742,157.7614863168466,2.7579713783580218,0.0,6.0,9.0
2020-07-30,1.155483870967742,157.90434345970374,2.472257092643736,1.0,4.0,8.0
2020-07-31,1.155483870967742,169.19005774541802,2.472257092643736,0.0,0.0,-15.0
2020-08-01,1.34,168.4757720311323,2.3293999497865934,-6.0,4.0,-26.0
2020-08-02,1.34,178.19005774541802,2.18654280692945,-5.0,34.0,-3.0
2020-08-03,1.34,191.04720060256088,2.3293999497865934,6.0,-38.0,27.0
2020-08-04,1.34,182.14285714285714,2.142857142857143,-1.0,-7.0,7.0
2020-08-05,1.34,179.42857142857142,2.5714285714285716,-5.0,13.0,-8.0
2020-08-06,1.34,189.0,3.142857142857143,8.0,-2.0,0.0
2020-08-07,1.34,198.57142857142858,3.7142857142857144,-4.0,3.0,-9.0
2020-08-08,1.34,216.71428571428572,4.142857142857143,-7.0,25.0,-17.0
2020-08-09,1.34,225.14285714285714,5.0,3.0,12.0,-11.0
2020-08-10,1.34,234.57142857142858,4.714285714285714,2.0,-40.0,30.0
2020-08-11,1.34,250.42857142857142,4.714285714285714,2.0,-16.0,-2.0
2020-08-12,1.34,278.2857142857143,4.428571428571429,-1.0,16.0,2.0
2020-08-13,1.34,294.14285714285717,4.571428571428571,3.0,3.0,12.0
2020-08-14,1.34,304.7142857142857,4.428571428571429,2.0,-6.0,-15.0
2020-08-15,1.34,318.7142857142857,4.186542806929451,-1.0,-21.0,-25.0
2020-08-16,1.34,335.7142857142857,3.7579713783580218,-10.0,79.0,-5.0
2020-08-17,1.34,343.57142857142856,4.043685664072307,3.0,-56.0,32.0
2020-08-18,1.34,356.57142857142856,5.043685664072307,53.0,-125.0,-90.0
2020-08-19,1.34,338.42857142857144,5.186542806929451,-56.0,129.0,109.0
2020-08-20,1.34,373.14285714285717,5.472257092643736,5.0,-6.0,3.0
2020-08-21,1.34,371.2857142857143,5.757971378358022,-2.0,-5.0,-5.0
2020-08-22,1.34,394.0,6.428571428571429,12.0,-24.0,-50.0
2020-08-23,1.34,398.57142857142856,7.0,-22.0,94.0,15.0
2020-08-24,1.34,404.2857142857143,7.142857142857143,3.0,-72.0,34.0
2020-08-25,1.34,432.85714285714283,7.0,55.0,-113.0,-102.0
2020-08-26,1.34,454.2857142857143,7.285714285714286,-51.0,123.0,107.0
2020-08-27,1.34,448.85714285714283,7.571428571428571,6.0,-5.0,-5.0
2020-08-28,1.34,490.0,8.0,-4.0,-1.0,-2.0
2020-08-29,1.34,492.0,8.571428571428571,-8.0,32.0,-24.0
2020-08-30,1.34,515.0,8.857142857142858,-4.0,33.0,3.0
2020-08-31,1.34,507.42857142857144,9.142857142857142,10.0,-73.0,12.0
2020-09-01,2.1,477.14285714285717,9.714285714285714,0.0,-2.0,0.0
2020-09-02,2.1,461.0,10.428571428571429,-2.0,13.0,13.0
2020-09-03,2.1,449.57142857142856,10.0,4.0,-3.0,0.0
2020-09-04,2.1,448.57142857142856,11.571428571428571,0.0,4.0,-2.0
2020-09-05,2.1,430.0,12.428571428571429,-9.0,27.0,-20.0
2020-09-06,2.1,415.0,13.285714285714286,-3.0,12.0,1.0
2020-09-07,2.1,415.0,13.857142857142858,11.0,-41.0,17.0
2020-09-08,2.1,426.14285714285717,13.857142857142858,-3.0,-7.0,13.0
2020-09-09,2.1,418.14285714285717,13.428571428571429,-1.0,9.0,4.0
2020-09-10,2.1,422.14285714285717,13.285714285714286,4.0,-3.0,2.0
2020-09-11,2.1,408.85714285714283,12.142857142857142,-2.0,4.0,-3.0
2020-09-12,2.1,411.2857142857143,10.285714285714286,-9.0,10.0,-19.0
2020-09-13,2.1,400.14285714285717,10.142857142857142,-8.0,21.0,2.0
2020-09-14,2.1,392.04720060256085,9.043685664072308,10.0,-38.0,23.0
2020-09-15,2.1,439.90434345970374,10.18654280692945,3.0,0.0,6.0
2020-09-16,2.1,464.90434345970374,10.61511423550088,-2.0,3.0,9.0
2020-09-17,2.1,445.61862917398946,11.61511423550088,13.0,1.0,-18.0
2020-09-18,2.1,444.90434345970374,14.329399949786593,-1.0,5.0,-4.0
2020-09-19,2.1,462.61862917398946,14.087371328144615,-10.0,22.0,-17.0
2020-09-20,2.1,474.3329148882752,12.416771277931208,-3.0,10.0,-1.0
2020-09-21,2.1,479.7142857142857,12.658799899573186,11.0,-36.0,23.0
2020-09-22,2.1,440.42857142857144,10.658799899573186,1.0,-10.0,10.0
2020-09-23,2.1,445.14285714285717,9.944514185287472,1.0,11.0,12.0
2020-09-24,2.1,495.2857142857143,8.944514185287472,10.0,-1.0,-7.0
2020-09-25,2.1,510.85714285714283,5.5159427567160435,0.0,2.0,-7.0
2020-09-26,2.1,510.85714285714283,5.900828521215165,-9.0,21.0,-11.0
2020-09-27,2.1,496.2857142857143,7.285714285714286,-6.0,13.0,-8.0
2020-09-28,2.1,499.14285714285717,6.857142857142857,13.0,-36.0,1.0
2020-09-29,2.1,483.14285714285717,6.285714285714286,-2.0,-8.0,6.0
2020-09-30,2.1,473.85714285714283,5.714285714285714,-17.0,7.0,25.0
2020-10-01,1.8920000000000001,447.0,5.428571428571429,-8.0,-8.0,1.0
2020-10-02,1.8920000000000001,435.0,5.428571428571429,15.0,-65.0,-19.0
2020-10-03,1.8920000000000001,388.57142857142856,4.857142857142857,-19.0,78.0,-11.0
2020-10-04,1.8920000000000001,384.14285714285717,3.7142857142857144,-8.0,12.0,-2.0
2020-10-05,1.8920000000000001,370.2857142857143,4.0,9.0,-23.0,20.0
2020-10-06,1.8920000000000001,373.7142857142857,4.142857142857143,-2.0,-6.0,10.0
2020-10-07,1.8920000000000001,373.85714285714283,4.285714285714286,1.0,13.0,13.0
2020-10-08,1.8920000000000001,359.2857142857143,4.428571428571429,12.0,7.0,-3.0
2020-10-09,1.8920000000000001,338.57142857142856,3.7142857142857144,2.0,5.0,-20.0
2020-10-10,1.8920000000000001,354.42857142857144,3.5714285714285716,-6.0,14.0,-14.0
2020-10-11,1.8920000000000001,351.42857142857144,3.4285714285714284,-5.0,14.0,-3.0
2020-10-12,1.8920000000000001,351.42857142857144,3.142857142857143,11.0,-31.0,10.0
2020-10-13,1.8920000000000001,331.7142857142857,3.0,-2.0,-6.0,13.0
2020-10-14,1.8920000000000001,297.7142857142857,2.4285714285714284,-2.0,10.0,16.0
2020-10-15,1.8920000000000001,278.14285714285717,2.0,9.0,0.0,-4.0
2020-10-16,1.8920000000000001,266.0,1.8571428571428572,0.0,1.0,-5.0
2020-10-17,1.8920000000000001,249.28571428571428,2.142857142857143,-10.0,24.0,-22.0
2020-10-18,1.8920000000000001,227.42857142857142,2.0436856640723073,-7.0,-5.0,-4.0
2020-10-19,1.8920000000000001,215.71428571428572,1.9008285212151643,13.0,-26.0,16.0
2020-10-20,1.8920000000000001,206.85714285714286,1.9008285212151643,-4.0,-3.0,10.0
2020-10-21,1.8920000000000001,196.71428571428572,2.18654280692945,-4.0,8.0,1.0
2020-10-22,1.8920000000000001,192.28571428571428,2.18654280692945,1.0,-7.0,0.0
2020-10-23,1.8920000000000001,174.28571428571428,2.3293999497865934,-5.0,5.0,5.0
2020-10-24,1.8920000000000001,162.0,2.18654280692945,-4.0,22.0,-16.0
2020-10-25,1.8920000000000001,150.28571428571428,2.0,-1.0,46.0,-15.0
2020-10-26,1.8920000000000001,155.57142857142858,2.3293999497865934,6.0,-107.0,37.0
2020-10-27,1.8920000000000001,147.14285714285714,2.515942756716043,-7.0,26.0,-4.0
2020-10-28,1.8920000000000001,137.28571428571428,2.3730856138589003,-4.0,8.0,17.0
2020-10-29,1.8920000000000001,132.71428571428572,2.3730856138589003,2.0,-9.0,12.0
2020-10-30,1.8920000000000001,131.71428571428572,2.5596284207883504,11.0,-32.0,-17.0
2020-10-31,1.8920000000000001,128.71428571428572,2.746171227717801,-12.0,69.0,-33.0
2020-11-01,0.958,130.85714285714286,2.8890283705749438,-4.0,7.0,17.0
2020-11-02,0.958,120.28571428571429,2.8890283705749433,12.0,-40.0,6.0
2020-11-03,0.958,120.42857142857143,2.5596284207883504,-9.0,-3.0,17.0
2020-11-04,0.958,120.85714285714286,2.4167712779312076,-1.0,4.0,15.0
2020-11-05,0.958,112.71428571428571,2.6033140848606573,7.0,5.0,-20.0
2020-11-06,0.958,109.57142857142857,2.273914135074065,1.0,3.0,-1.0
2020-11-07,0.958,104.42857142857143,2.0873713281446147,-7.0,29.0,-18.0
2020-11-08,0.958,104.14285714285714,1.8016570424303289,-2.0,12.0,-1.0
2020-11-09,0.958,103.14285714285714,1.472257092643736,7.0,-41.0,13.0
2020-11-10,0.958,96.42857142857143,1.615114235500879,-3.0,-7.0,13.0
2020-11-11,0.958,97.85714285714286,1.615114235500879,-3.0,7.0,16.0
2020-11-12,0.958,89.85714285714286,1.4285714285714286,0.0,-4.0,16.0
2020-11-13,0.958,82.42857142857143,1.4285714285714286,8.0,-36.0,-4.0
2020-11-14,0.958,79.28571428571429,1.6151142355008787,19.0,-88.0,-120.0
2020-11-15,0.958,69.42857142857143,1.9445141852874717,-18.0,107.0,35.0
2020-11-16,0.958,62.42857142857143,2.273914135074065,3.0,2.0,29.0
2020-11-17,0.958,58.42857142857143,2.4604569420035145,-4.0,4.0,20.0
2020-11-18,0.958,50.142857142857146,2.789856891790108,-7.0,13.0,12.0
2020-11-19,0.958,50.57142857142857,2.646999748932965,4.0,-5.0,-1.0
2020-11-20,0.958,47.57142857142857,2.976399698719558,-4.0,1.0,7.0
2020-11-21,0.958,49.857142857142854,2.9763996987195576,-5.0,37.0,-36.0
2020-11-22,0.958,52.714285714285715,2.976399698719558,-1.0,-5.0,-15.0
2020-11-23,0.958,54.42857142857143,2.976399698719558,6.0,-26.0,23.0
2020-11-24,0.958,51.42857142857143,2.976399698719558,17.0,-32.0,-51.0
2020-11-25,0.958,50.714285714285715,2.976399698719558,70.0,-134.0,-119.0
2020-11-26,0.958,43.857142857142854,3.305799648506151,-65.0,73.0,98.0
2020-11-27,0.958,38.714285714285715,3.305799648506151,-25.0,85.0,66.0
2020-11-28,0.958,36.285714285714285,3.3057996485061514,2.0,32.0,-19.0
2020-11-29,0.958,34.57142857142857,3.305799648506151,3.0,29.0,-16.0
2020-11-30,0.958,35.714285714285715,2.976399698719558,5.0,-62.0,35.0
2020-12-01,0.5519354838709677,35.857142857142854,2.646999748932965,-6.0,6.0,16.0
2020-12-02,0.5519354838709677,37.0,2.3175997991463717,17.0,7.0,-42.0
2020-12-03,0.5519354838709677,39.857142857142854,1.988199849359779,11.0,-15.0,-9.0
2020-12-04,0.5519354838709677,44.142857142857146,1.6587998995731859,8.0,-29.0,-20.0
2020-12-05,0.5519354838709677,43.857142857142854,1.658799899573186,-19.0,50.0,-1.0
2020-12-06,0.5519354838709677,41.285714285714285,1.658799899573186,-10.0,18.0,10.0
2020-12-07,0.5519354838709677,43.142857142857146,1.6587998995731859,3.0,-31.0,28.0
2020-12-08,0.5519354838709677,41.57142857142857,1.9881998493597788,9.0,-34.0,-21.0
2020-12-09,0.5519354838709677,37.142857142857146,2.317599799146372,-18.0,50.0,75.0
2020-12-10,0.5519354838709677,34.857142857142854,2.460456942003515,5.0,-6.0,26.0
2020-12-11,0.5519354838709677,34.42857142857143,2.6033140848606577,3.0,4.0,-4.0
2020-12-12,0.5519354838709677,33.57142857142857,2.6033140848606573,-7.0,33.0,-32.0
2020-12-13,0.5519354838709677,38.285714285714285,2.6033140848606573,-1.0,6.0,2.0
2020-12-14,0.5519354838709677,34.714285714285715,2.6033140848606573,6.0,-40.0,16.0
2020-12-15,0.5519354838709677,34.142857142857146,2.6033140848606577,1.0,-4.0,0.0
2020-12-16,0.5519354838709677,34.714285714285715,2.4167712779312076,10.0,9.0,-13.0
2020-12-17,0.5519354838709677,37.0,2.6033140848606573,8.0,-13.0,-10.0
2020-12-18,0.5519354838709677,37.714285714285715,2.4604569420035145,-4.0,17.0,10.0
2020-12-19,0.551935483870968,38.714285714285715,2.131056992216922,-19.0,39.0,-3.0
2020-12-20,0.551935483870968,36.57142857142857,1.9445141852874717,-4.0,-12.0,8.0
2020-12-21,0.551935483870968,35.57142857142857,1.9445141852874717,10.0,-32.0,8.0
2020-12-22,0.551935483870968,37.285714285714285,1.7579713783580218,0.0,-7.0,11.0
2020-12-23,0.551935483870968,37.57142857142857,1.9445141852874719,-2.0,14.0,17.0
2020-12-24,0.551935483870968,37.57142857142857,1.9445141852874719,1.0,-15.0,15.0
2020-12-25,0.551935483870968,34.857142857142854,2.2739141350740644,14.0,-58.0,-18.0
2020-12-26,0.551935483870968,33.142857142857146,2.273914135074065,-15.0,78.0,-15.0
2020-12-27,0.551935483870968,35.285714285714285,2.131056992216922,-7.0,22.0,30.0
2020-12-28,0.551935483870968,38.0,2.460456942003515,8.0,-31.0,-21.0
2020-12-29,0.551935483870968,37.0,2.460456942003515,5.0,-13.0,-10.0
2020-12-30,0.551935483870968,35.857142857142854,2.4604569420035145,-4.0,19.0,25.0
2020-12-31,0.551935483870968,62.618629173989454,2.4604569420035145,-5.0,-3.0,41.0
2021-01-01,0.8380364298724983,68.19005774541803,2.460456942003515,16.0,-73.0,-48.0
2021-01-02,0.8380364298724983,64.90434345970374,2.789856891790108,-7.0,97.0,-37.0
2021-01-03,0.8380364298724983,65.19005774541803,3.119256841576701,-3.0,-4.0,-1.0
2021-01-04,0.8380364298724983,64.61862917398945,2.9327140346472507,-1.0,-14.0,20.0
2021-01-05,0.8380364298724983,65.33291488827517,3.119256841576701,1.0,-9.0,6.0
2021-01-06,0.8380364298724983,66.47577203113231,3.119256841576701,6.0,12.0,-16.0
2021-01-07,0.8380364298724983,39.0,2.789856891790108,-3.0,-3.0,19.0
2021-01-08,0.8380364298724983,61.76148631684659,2.789856891790108,-5.0,8.0,-3.0
2021-01-09,0.8380364298724983,68.33291488827517,2.789856891790108,-9.0,15.0,-22.0
2021-01-10,0.8380364298724983,65.47577203113231,2.6033140848606573,-2.0,15.0,-10.0
2021-01-11,0.8380364298724983,64.47577203113231,2.789856891790108,11.0,-38.0,4.0
2021-01-12,0.8380364298724983,60.33291488827517,2.4604569420035145,-3.0,-13.0,20.0
2021-01-13,0.8380364298724983,59.618629173989454,2.460456942003515,-10.0,-14.0,35.0
2021-01-14,0.8380364298724983,60.76148631684659,2.460456942003515,35.0,-114.0,-83.0
2021-01-15,0.8380364298724983,32.285714285714285,2.4604569420035145,-4.0,1.0,-2.0
2021-01-16,0.8380364298724983,26.571428571428573,2.273914135074065,-24.0,36.0,20.0
2021-01-17,0.8380364298724983,27.285714285714285,2.4604569420035145,-23.0,83.0,37.0
2021-01-18,0.8380364298724983,27.428571428571427,2.131056992216922,13.0,-1.0,0.0
2021-01-19,0.8380364298724983,30.142857142857142,2.4604569420035145,2.0,0.0,-16.0
2021-01-20,0.8380364298724983,30.428571428571427,2.460456942003515,1.0,14.0,11.0
2021-01-21,0.8380364298724983,29.285714285714285,2.789856891790108,6.0,-2.0,-13.0
2021-01-22,0.8380364298724983,28.428571428571427,2.789856891790108,-1.0,7.0,7.0
2021-01-23,0.8380364298724983,31.285714285714285,2.646999748932965,-7.0,20.0,-9.0
2021-01-24,0.8380364298724983,30.571428571428573,2.3175997991463717,-10.0,0.0,24.0
2021-01-25,0.8380364298724983,29.857142857142858,2.646999748932965,-3.0,-51.0,40.0
2021-01-26,0.8380364298724983,29.142857142857142,2.646999748932965,24.0,-72.0,-25.0
2021-01-27,0.8380364298724983,28.142857142857142,2.317599799146372,-22.0,84.0,42.0
2021-01-28,0.8380364298724983,28.714285714285715,1.9881998493597788,14.0,0.0,-39.0
2021-01-29,0.8380364298724983,30.0,1.988199849359779,-4.0,21.0,-16.0
2021-01-30,0.8380364298724983,31.0,2.3175997991463717,-10.0,29.0,-12.0
2021-01-31,0.8380364298724983,29.714285714285715,2.3175997991463717,-7.0,-7.0,13.0
2021-02-01,0.8380364298724983,31.142857142857142,2.273914135074065,4.0,-40.0,12.0
2021-02-02,0.8380364298724983,30.428571428571427,2.273914135074065,3.0,1.0,-14.0
2021-02-03,0.8380364298724983,30.285714285714285,2.273914135074065,-2.0,1.0,24.0
2021-02-04,0.8380364298724983,30.285714285714285,2.6033140848606577,6.0,-2.0,-26.0
2021-02-05,0.8380364298724983,33.0,2.4167712779312076,2.0,8.0,0.0
2021-02-06,0.8380364298724983,31.857142857142858,2.4167712779312076,-9.0,28.0,-1.0
2021-02-07,0.8380364298724983,32.0,2.7461712277178,1.0,-25.0,-9.0
2021-02-08,0.8380364298724983,31.714285714285715,2.4604569420035145,2.0,-14.0,13.0
2021-02-09,0.8380364298724983,32.857142857142854,2.4604569420035145,2.0,4.0,-9.0
2021-02-10,0.8380364298724983,32.285714285714285,2.4604569420035145,-1.0,9.0,16.0
2021-02-11,0.8380364298724983,30.285714285714285,2.460456942003515,7.0,3.0,-17.0
2021-02-12,0.8380364298724983,25.857142857142858,2.646999748932965,0.0,7.0,-9.0
2021-02-13,0.8380364298724983,24.285714285714285,2.646999748932965,-9.0,8.0,-4.0
2021-02-14,0.8380364298724983,22.285714285714285,2.3175997991463717,0.0,-18.0,-4.0
2021-02-15,0.8380364298724983,21.428571428571427,2.3175997991463717,2.0,-9.0,21.0
2021-02-16,0.8380364298724983,19.285714285714285,2.3175997991463717,3.0,3.0,-9.0
2021-02-17,0.8380364298724983,19.142857142857142,2.4604569420035145,0.0,14.0,16.0
2021-02-18,0.8380364298724983,18.428571428571427,2.460456942003515,7.0,1.0,-9.0
2021-02-19,0.8380364298724983,17.714285714285715,2.2739141350740644,0.0,3.0,-1.0
2021-02-20,0.8380364298724983,18.428571428571427,2.273914135074065,-11.0,23.0,-16.0
2021-02-21,0.8380364298724983,20.571428571428573,2.273914135074065,20.0,-55.0,-37.0
2021-02-22,0.8380364298724983,18.857142857142858,2.6033140848606573,-13.0,14.0,45.0
2021-02-23,0.8380364298724983,20.0,2.4167712779312076,-3.0,1.0,15.0
2021-02-24,0.8380364298724983,21.428571428571427,2.273914135074065,-6.0,6.0,14.0
2021-02-25,0.8380364298724983,21.571428571428573,1.9445141852874719,12.0,-10.0,-25.0
2021-02-26,0.8380364298724983,22.428571428571427,2.131056992216922,-7.0,16.0,7.0
2021-02-27,0.8380364298724983,21.142857142857142,1.8016570424303286,-4.0,-2.0,-31.0
2021-02-28,0.8380364298724983,19.0,2.1310569922169216,0.0,12.0,5.0
2021-03-01,0.8380364298724983,19.142857142857142,1.8016570424303286,4.0,-11.0,5.0
2021-03-02,0.8380364298724983,19.285714285714285,1.988199849359779,1.0,-5.0,11.0
2021-03-03,0.8380364298724983,17.285714285714285,2.3175997991463717,-3.0,9.0,15.0
2021-03-04,0.8380364298724983,16.714285714285715,2.646999748932965,7.0,2.0,-7.0
2021-03-05,0.8380364298724983,18.142857142857142,2.646999748932965,-1.0,2.0,5.0
2021-03-06,0.8380364298724983,18.0,2.646999748932965,-8.0,24.0,-23.0
2021-03-07,0.8380364298724983,20.428571428571427,2.646999748932965,3.0,-29.0,-2.0
2021-03-08,0.8380364298724983,21.142857142857142,2.976399698719558,3.0,0.0,14.0
2021-03-09,0.8380364298724983,20.714285714285715,2.976399698719558,-1.0,-4.0,5.0
2021-03-10,0.8380364298724983,22.142857142857142,2.976399698719558,-2.0,11.0,16.0
2021-03-11,0.8380364298724983,22.857142857142858,2.976399698719558,4.0,-11.0,-4.0
2021-03-12,0.8380364298724983,22.857142857142858,2.9763996987195576,-3.0,9.0,-8.0
2021-03-13,0.8380364298724983,24.571428571428573,3.305799648506151,0.0,6.0,-16.0
2021-03-14,0.8380364298724983,23.142857142857142,2.976399698719558,1.0,-9.0,3.0
2021-03-15,0.8380364298724983,23.142857142857142,2.646999748932965,-4.0,-14.0,24.0
2021-03-16,0.8380364298724983,22.857142857142858,2.3175997991463717,5.0,2.0,-8.0
2021-03-17,0.8380364298724983,26.857142857142858,2.317599799146372,-2.0,18.0,9.0
2021-03-18,0.8380364298724983,35.285714285714285,1.9881998493597788,9.0,-2.0,-9.0
2021-03-19,0.8380364298724983,39.714285714285715,1.988199849359779,-3.0,6.0,-4.0
2021-03-20,0.8380364298724983,43.857142857142854,1.988199849359779,-6.0,14.0,-27.0
2021-03-21,0.8380364298724983,50.857142857142854,1.988199849359779,3.0,-18.0,-8.0
2021-03-22,0.8380364298724983,55.57142857142857,1.988199849359779,4.0,-6.0,23.0
2021-03-23,0.8380364298724983,64.57142857142857,1.988199849359779,-6.0,-12.0,22.0
2021-03-24,0.8380364298724983,75.0,1.8016570424303289,-5.0,0.0,24.0
2021-03-25,0.8380364298724983,77.0,2.131056992216922,12.0,5.0,-31.0
2021-03-26,0.8380364298724983,82.0,2.1310569922169216,-1.0,5.0,-3.0
2021-03-27,0.8380364298724983,91.71428571428571,1.8016570424303286,-5.0,9.0,-19.0
2021-03-28,0.8380364298724983,102.14285714285714,2.131056992216922,-3.0,1.0,-1.0
2021-03-29,0.8380364298724983,113.28571428571429,2.131056992216922,12.0,-32.0,8.0
2021-03-30,0.8380364298724983,117.28571428571429,2.131056992216922,-3.0,2.0,7.0
2021-03-31,0.8380364298724983,117.57142857142857,2.3175997991463717,-9.0,10.0,27.0
2021-04-01,0.8380364298724983,141.14285714285714,1.988199849359779,10.0,-3.0,-13.0
2021-04-02,0.8380364298724983,157.85714285714286,1.658799899573186,9.0,-52.0,-5.0
2021-04-03,0.8380364298724983,166.85714285714286,1.988199849359779,-17.0,71.0,-16.0
2021-04-04,0.8380364298724983,179.71428571428572,1.9881998493597788,2.0,-3.0,-18.0
2021-04-05,0.8380364298724983,187.57142857142858,2.317599799146372,10.0,-49.0,12.0
2021-04-06,0.8380364298724983,205.0,2.460456942003515,18.0,-130.0,-25.0
2021-04-07,0.8380364298724983,211.57142857142858,2.131056992216922,-25.0,150.0,76.0
2021-04-08,0.8380364298724983,216.28571428571428,2.4604569420035145,8.0,16.0,-27.0
2021-04-09,0.8380364298724983,217.71428571428572,2.789856891790108,0.0,3.0,-22.0
2021-04-10,0.8380364298724983,229.28571428571428,2.6033140848606573,-4.0,10.0,-35.0
2021-04-11,0.8380364298724983,240.57142857142858,2.4167712779312076,0.0,2.0,-15.0
2021-04-12,0.8380364298724983,288.0,2.2302284710017575,6.0,-20.0,30.0
2021-04-13,0.8380364298724983,313.85714285714283,2.3730856138589003,-1.0,-18.0,18.0
2021-04-14,0.8380364298724983,357.14285714285717,2.515942756716043,24.0,-67.0,-37.0
2021-04-15,0.8380364298724983,374.2857142857143,2.18654280692945,-19.0,88.0,25.0
2021-04-16,0.8380364298724983,418.2857142857143,2.142857142857143,4.0,1.0,-13.0
2021-04-17,0.8380364298724983,481.57142857142856,2.2857142857142856,-8.0,23.0,-32.0
2021-04-18,0.8380364298724983,532.5714285714286,2.4285714285714284,0.0,-20.0,-2.0
2021-04-19,0.8380364298724983,540.1428571428571,2.857142857142857,8.0,-16.0,19.0
2021-04-20,0.8380364298724983,571.5714285714286,3.0,-1.0,-5.0,-5.0
2021-04-21,0.8380364298724983,592.0,3.4285714285714284,-2.0,8.0,19.0
2021-04-22,0.8380364298724983,674.0,3.857142857142857,-3.0,-6.0,10.0
2021-04-23,0.8380364298724983,711.2857142857143,3.7142857142857144,1.0,3.0,-7.0
2021-04-24,0.8380364298724983,737.5714285714286,4.571428571428571,42.0,-75.0,-144.0
2021-04-25,0.8380364298724983,786.8571428571429,5.714285714285714,-3.0,13.0,-9.0
2021-04-26,0.8380364298724983,812.8571428571429,6.428571428571429,-27.0,36.0,112.0
2021-04-27,0.8380364298724983,867.5714285714286,7.714285714285714,4.0,-8.0,-11.0
2021-04-28,0.8380364298724983,958.8571428571429,8.428571428571429,5.0,-5.0,1.0
2021-04-29,0.8380364298724983,978.1428571428571,9.571428571428571,4.0,-11.0,-7.0
2021-04-30,0.8380364298724983,1035.7142857142858,11.0,-1.0,8.0,3.0
2021-05-01,1.81,1104.2857142857142,11.428571428571429,15.0,-49.0,-72.0
2021-05-02,1.81,1154.5714285714287,12.142857142857142,3.0,20.0,-35.0
2021-05-03,1.81,1162.0,12.857142857142858,-15.0,21.0,93.0
2021-05-04,1.81,1178.7142857142858,13.428571428571429,-4.0,-2.0,7.0
2021-05-05,1.81,1258.857142857143,14.571428571428571,0.0,7.0,4.0
2021-05-06,1.81,1314.2857142857142,15.428571428571429,12.0,-5.0,-12.0
2021-05-07,1.81,1393.0,16.428571428571427,0.0,1.0,-7.0
2021-05-08,1.81,1439.2857142857142,17.428571428571427,-6.0,0.0,-21.0
2021-05-09,1.81,1478.2857142857142,18.857142857142858,-11.0,24.0,2.0
2021-05-10,1.81,1545.0,20.0,31.0,-54.0,-32.0
2021-05-11,1.81,1675.142857142857,21.857142857142858,4.0,-16.0,-3.0
2021-05-12,1.81,1702.0,23.142857142857142,3.0,0.0,7.0
2021-05-13,1.81,1763.7142857142858,24.0,3.0,-6.0,-1.0
2021-05-14,1.81,1796.2857142857142,25.571428571428573,5.0,-25.0,-7.0
2021-05-15,1.81,1781.2857142857142,25.714285714285715,-11.0,39.0,-17.0
2021-05-16,1.81,1828.142857142857,26.571428571428573,-7.0,14.0,1.0
2021-05-17,1.81,1853.857142857143,27.285714285714285,10.0,-27.0,13.0
2021-05-18,1.81,1817.857142857143,27.714285714285715,0.0,0.0,3.0
2021-05-19,1.81,1782.4285714285713,28.0,0.0,6.0,11.0
2021-05-20,1.81,1784.5714285714287,28.571428571428573,9.0,-3.0,-18.0
2021-05-21,1.81,1745.7142857142858,28.0,-1.0,2.0,1.0
2021-05-22,1.81,1723.857142857143,29.428571428571427,-11.0,8.0,-9.0
2021-05-23,1.81,1650.5714285714287,29.714285714285715,-20.0,35.0,23.0
2021-05-24,1.81,1575.7142857142858,29.0,30.0,-48.0,-21.0
2021-05-25,1.81,1495.7142857142858,28.0,-3.0,-3.0,3.0
2021-05-26,1.81,1433.142857142857,27.714285714285715,-2.0,8.0,9.0
2021-05-27,1.81,1316.0,26.571428571428573,5.0,2.0,3.0
2021-05-28,1.81,1247.5714285714287,25.857142857142858,-4.0,9.0,1.0
2021-05-29,1.81,1183.4285714285713,24.571428571428573,-8.0,20.0,-16.0
2021-05-30,1.81,1109.4285714285713,22.714285714285715,-8.0,15.0,8.0
2021-05-31,1.81,1067.2857142857142,22.0,12.0,-32.0,8.0
2021-06-01,1.67,1030.4285714285713,20.285714285714285,-4.0,0.0,12.0
2021-06-02,1.67,965.5714285714286,18.857142857142858,0.0,6.0,10.0
2021-06-03,1.67,919.5714285714286,18.285714285714285,6.0,1.0,1.0
2021-06-04,1.67,846.5714285714286,17.857142857142858,-1.0,5.0,-9.0
2021-06-05,1.67,791.8571428571429,16.571428571428573,-11.0,19.0,-16.0
2021-06-06,1.67,750.4285714285714,15.714285714285714,-10.0,16.0,8.0
2021-06-07,1.67,729.7142857142857,14.571428571428571,13.0,-32.0,8.0
2021-06-08,1.67,667.7142857142857,13.428571428571429,-16.0,22.0,33.0
2021-06-09,1.67,635.5714285714286,11.571428571428571,-5.0,11.0,15.0
2021-06-10,1.67,591.5714285714286,10.571428571428571,8.0,4.0,0.0
2021-06-11,1.67,551.1428571428571,9.571428571428571,1.0,3.0,-10.0
2021-06-12,1.67,526.7142857142857,9.142857142857142,-12.0,15.0,-18.0
2021-06-13,1.67,492.7142857142857,8.0,-11.0,12.0,12.0
2021-06-14,1.67,468.0,7.571428571428571,9.0,-37.0,8.0
2021-06-15,1.67,440.85714285714283,7.428571428571429,1.0,5.0,3.0
2021-06-16,1.67,410.57142857142856,7.714285714285714,-5.0,6.0,10.0
2021-06-17,1.67,384.7142857142857,7.571428571428571,10.0,4.0,-9.0
2021-06-18,1.67,373.85714285714283,6.571428571428571,-2.0,4.0,-9.0
2021-06-19,1.67,352.85714285714283,6.142857142857143,-10.0,25.0,-15.0
2021-06-20,1.67,331.2857142857143,5.571428571428571,-6.0,-6.0,-1.0
2021-06-21,1.67,320.42857142857144,5.0,8.0,-35.0,18.0
2021-06-22,1.67,310.2857142857143,4.428571428571429,-7.0,3.0,18.0
2021-06-23,1.67,286.42857142857144,4.142857142857143,-2.0,10.0,16.0
2021-06-24,1.67,282.42857142857144,3.4285714285714284,7.0,6.0,-5.0
2021-06-25,1.67,269.2857142857143,3.5714285714285716,2.0,6.0,-10.0
2021-06-26,1.67,259.7142857142857,3.0,-10.0,18.0,-13.0
2021-06-27,1.67,256.85714285714283,3.0,-7.0,6.0,-1.0
2021-06-28,1.67,244.14285714285714,2.7142857142857144,7.0,-33.0,19.0
2021-06-29,1.67,231.57142857142858,3.0,-1.0,0.0,3.0
2021-06-30,1.67,231.71428571428572,2.5714285714285716,-4.0,8.0,14.0
2021-07-01,0.74,220.0,2.4285714285714284,11.0,6.0,-1.0
2021-07-02,0.74,207.71428571428572,2.857142857142857,1.0,4.0,-10.0
2021-07-03,0.74,196.14285714285714,2.7142857142857144,-12.0,23.0,-11.0
2021-07-04,0.74,187.71428571428572,2.4285714285714284,-4.0,-6.0,2.0
2021-07-05,0.74,185.42857142857142,2.4285714285714284,5.0,-28.0,20.0
2021-07-06,0.74,177.42857142857142,2.142857142857143,1.0,2.0,18.0
2021-07-07,0.74,166.71428571428572,2.2857142857142856,-7.0,2.0,13.0
2021-07-08,0.74,158.0,2.2857142857142856,8.0,7.0,-11.0
2021-07-09,0.74,151.0,1.2857142857142858,1.0,2.0,-8.0
2021-07-10,0.74,149.14285714285714,1.2857142857142858,-8.0,14.0,-11.0
2021-07-11,0.74,145.28571428571428,1.6151142355008787,-8.0,-4.0,4.0
2021-07-12,0.74,138.57142857142858,1.7579713783580215,8.0,-21.0,23.0
2021-07-13,0.74,136.28571428571428,2.0873713281446142,-1.0,0.0,16.0
2021-07-14,0.74,126.57142857142857,1.9445141852874717,1.0,10.0,-7.0
2021-07-15,0.74,119.14285714285714,1.8016570424303286,4.0,2.0,13.0
2021-07-16,0.74,116.0,1.9445141852874717,-5.0,-4.0,-11.0
2021-07-17,0.74,110.28571428571429,1.9445141852874717,-4.0,32.0,-21.0
2021-07-18,0.74,103.85714285714286,1.7579713783580218,2.0,-14.0,-2.0
2021-07-19,0.74,98.28571428571429,1.9445141852874719,5.0,-22.0,21.0
2021-07-20,0.74,91.71428571428571,1.9008285212151645,-3.0,-1.0,11.0
2021-07-21,0.74,90.42857142857143,2.2302284710017575,7.0,-44.0,6.0
2021-07-22,0.74,85.42857142857143,2.3730856138589003,-7.0,53.0,2.0
2021-07-23,0.74,84.57142857142857,2.515942756716043,1.0,1.0,-7.0
2021-07-24,0.74,89.14285714285714,2.515942756716043,-6.0,25.0,-19.0
2021-07-25,0.74,89.71428571428571,2.515942756716043,-3.0,-10.0,-5.0
2021-07-26,0.74,96.0,2.18654280692945,9.0,-19.0,17.0
2021-07-27,0.74,101.0,1.9008285212151643,-1.0,1.0,0.0
2021-07-28,0.74,98.85714285714286,1.5714285714285714,-2.0,12.0,14.0
2021-07-29,0.74,103.14285714285714,1.7579713783580215,6.0,3.0,0.0
2021-07-30,0.74,102.0,1.4722570926437357,-1.0,5.0,-6.0
2021-07-31,0.74,98.28571428571429,1.6151142355008787,-10.0,26.0,8.0
2021-08-01,0.44,96.28571428571429,1.8016570424303286,-4.0,-20.0,-3.0
2021-08-02,0.44,91.71428571428571,2.131056992216922,12.0,-17.0,0.0
2021-08-03,0.44,86.0,2.4604569420035145,-2.0,-7.0,-5.0
2021-08-04,0.44,89.28571428571429,2.7461712277178,-4.0,15.0,20.0
2021-08-05,0.44,86.85714285714286,2.746171227717801,6.0,2.0,-8.0
2021-08-06,0.44,86.57142857142857,2.746171227717801,1.0,0.0,-7.0
2021-08-07,0.44,86.85714285714286,2.6033140848606577,-9.0,32.0,-2.0
2021-08-08,0.44,85.28571428571429,2.6033140848606573,3.0,-17.0,-10.0
2021-08-09,0.44,86.57142857142857,2.6033140848606573,4.0,-19.0,6.0
2021-08-10,0.44,90.57142857142857,2.6033140848606573,-3.0,-3.0,13.0
2021-08-11,0.44,89.71428571428571,2.3175997991463717,-2.0,5.0,26.0
2021-08-12,0.44,93.71428571428571,2.131056992216922,4.0,4.0,-6.0
2021-08-13,0.44,97.28571428571429,2.460456942003515,-1.0,4.0,-10.0
2021-08-14,0.44,97.14285714285714,2.460456942003515,-4.0,18.0,-22.0
2021-08-15,0.44,97.14285714285714,2.1310569922169216,-4.0,-3.0,-1.0
2021-08-16,0.44,95.14285714285714,2.131056992216922,16.0,-86.0,0.0
2021-08-17,0.44,89.28571428571429,2.131056992216922,-11.0,57.0,23.0
2021-08-18,0.44,94.57142857142857,2.4604569420035145,1.0,17.0,15.0
2021-08-19,0.44,98.14285714285714,2.3175997991463717,-2.0,-11.0,21.0
2021-08-20,0.44,95.85714285714286,2.317599799146372,0.0,-45.0,-11.0
2021-08-21,0.44,89.85714285714286,2.460456942003515,8.0,62.0,-61.0
2021-08-22,0.44,87.14285714285714,2.789856891790108,-13.0,-7.0,22.0
2021-08-23,0.44,86.14285714285714,2.789856891790108,9.0,-11.0,1.0
2021-08-24,0.44,88.0,2.460456942003515,-1.0,1.0,16.0
2021-08-25,0.44,76.57142857142857,2.4604569420035145,-6.0,7.0,20.0
2021-08-26,0.44,67.85714285714286,2.789856891790108,3.0,-10.0,-5.0
2021-08-27,0.44,65.42857142857143,2.789856891790108,6.0,10.0,-29.0
2021-08-28,0.44,66.57142857142857,2.646999748932965,-5.0,23.0,-3.0
2021-08-29,0.44,71.71428571428571,2.460456942003515,-3.0,-6.0,-5.0
2021-08-30,0.44,74.71428571428571,2.4604569420035145,11.0,-32.0,8.0
2021-08-31,0.44,80.71428571428571,2.789856891790108,-9.0,13.0,18.0
2021-09-01,0.45,90.28571428571429,2.4604569420035145,-7.0,6.0,35.0
2021-09-02,0.45,93.0,2.273914135074065,16.0,3.0,-42.0
2021-09-03,0.45,99.71428571428571,2.2739141350740644,-5.0,2.0,8.0
2021-09-04,0.45,107.28571428571429,2.273914135074065,-12.0,47.0,-13.0
2021-09-05,0.45,108.28571428571429,2.131056992216922,8.0,-42.0,-12.0
2021-09-06,0.45,103.85714285714286,1.8016570424303286,0.0,-12.0,26.0
2021-09-07,0.45,105.57142857142857,1.4722570926437357,-3.0,1.0,19.0
2021-09-08,0.45,103.71428571428571,1.8016570424303286,-10.0,-2.0,49.0
2021-09-09,0.45,102.28571428571429,1.6587998995731859,-3.0,-14.0,20.0
2021-09-10,0.45,100.0,1.658799899573186,36.0,-93.0,-86.0
2021-09-11,0.45,89.42857142857143,1.658799899573186,-24.0,119.0,-5.0
2021-09-12,0.45,89.0,1.8016570424303289,-7.0,-3.0,19.0
2021-09-13,0.45,93.14285714285714,2.131056992216922,7.0,-12.0,2.0
2021-09-14,0.45,89.71428571428571,2.460456942003515,1.0,-1.0,-5.0
2021-09-15,0.45,89.57142857142857,2.2739141350740644,-5.0,9.0,29.0
2021-09-16,0.45,93.14285714285714,2.4167712779312076,2.0,-12.0,-8.0
2021-09-17,0.45,89.57142857142857,2.0873713281446142,12.0,12.0,-50.0
2021-09-18,0.45,101.28571428571429,2.0873713281446142,-9.0,31.0,-11.0
2021-09-19,0.45,98.28571428571429,2.0873713281446142,0.0,-21.0,-1.0
2021-09-20,0.45,97.28571428571429,1.7579713783580215,3.0,-13.0,21.0
2021-09-21,0.45,97.0,1.7579713783580218,2.0,-1.0,-2.0
2021-09-22,0.45,96.0,1.7579713783580218,-3.0,20.0,0.0
2021-09-23,0.45,93.71428571428571,1.9445141852874719,6.0,-5.0,-5.0
2021-09-24,0.45,94.85714285714286,2.273914135074065,0.0,2.0,-18.0
2021-09-25,0.45,89.71428571428571,2.4167712779312076,-8.0,24.0,-4.0
2021-09-26,0.45,89.57142857142857,2.4167712779312076,2.0,-21.0,-13.0
2021-09-27,0.45,87.14285714285714,2.746171227717801,10.0,-29.0,-5.0
2021-09-28,0.45,85.28571428571429,2.4167712779312076,-12.0,15.0,37.0
2021-09-29,0.45,81.85714285714286,2.2739141350740644,1.0,13.0,6.0
2021-09-30,0.45,77.28571428571429,2.273914135074065,4.0,2.0,-1.0
2021-10-01,0.24,73.0,2.273914135074065,-1.0,1.0,18.0
2021-10-02,0.24,71.57142857142857,2.4604569420035145,9.0,-70.0,-34.0
2021-10-03,0.24,65.0,2.3175997991463717,-14.0,61.0,9.0
2021-10-04,0.24,65.71428571428571,1.988199849359779,1.0,-5.0,15.0
2021-10-05,0.24,64.85714285714286,1.988199849359779,16.0,-11.0,-31.0
2021-10-06,0.24,62.0,1.988199849359779,-14.0,20.0,30.0
2021-10-07,0.24,62.714285714285715,1.9881998493597788,6.0,6.0,-7.0
2021-10-08,0.24,66.0,1.6587998995731859,-2.0,1.0,0.0
2021-10-09,0.24,66.28571428571429,1.329399949786593,-7.0,11.0,-20.0
2021-10-10,0.24,72.57142857142857,1.6587998995731859,5.0,-12.0,-7.0
2021-10-11,0.24,72.57142857142857,1.8016570424303286,11.0,-29.0,-3.0
2021-10-12,0.24,68.85714285714286,2.131056992216922,-12.0,16.0,47.0
2021-10-13,0.24,66.85714285714286,2.131056992216922,-4.0,15.0,16.0
2021-10-14,0.24,64.71428571428571,2.131056992216922,35.0,-105.0,-55.0
2021-10-15,0.24,57.57142857142857,2.460456942003515,-16.0,45.0,20.0
2021-10-16,0.24,52.42857142857143,2.789856891790108,-17.0,53.0,20.0
2021-10-17,0.24,49.0,2.4604569420035145,-9.0,-4.0,0.0
2021-10-18,0.24,47.0,2.646999748932965,8.0,-10.0,3.0
2021-10-19,0.24,46.857142857142854,2.4604569420035145,10.0,-55.0,2.0
2021-10-20,0.24,44.42857142857143,2.789856891790108,-16.0,72.0,14.0
2021-10-21,0.24,43.57142857142857,2.789856891790108,9.0,1.0,-16.0
2021-10-22,0.24,46.42857142857143,2.460456942003515,-2.0,7.0,-2.0
2021-10-23,0.24,47.142857142857146,2.2739141350740644,-5.0,10.0,-2.0
2021-10-24,0.24,48.42857142857143,2.4167712779312076,-5.0,-20.0,-2.0
2021-10-25,0.24,48.714285714285715,2.4167712779312076,8.0,-6.0,3.0
2021-10-26,0.24,46.714285714285715,2.6033140848606573,1.0,2.0,-1.0
2021-10-27,0.24,46.42857142857143,2.6033140848606573,-4.0,9.0,20.0
2021-10-28,0.24,46.714285714285715,2.6033140848606577,9.0,2.0,-28.0
2021-10-29,0.24,45.0,2.9327140346472507,16.0,-6.0,-41.0
2021-10-30,0.24,43.0,3.119256841576701,-26.0,35.0,48.0
2021-10-31,0.24,39.714285714285715,3.3057996485061514,7.0,-15.0,-29.0
2021-11-01,0.22,41.57142857142857,2.976399698719558,10.0,-72.0,9.0
2021-11-02,0.22,38.714285714285715,2.646999748932965,-11.0,28.0,37.0
2021-11-03,0.22,37.142857142857146,2.646999748932965,3.0,-31.0,55.0
2021-11-04,0.22,34.714285714285715,2.317599799146372,38.0,-145.0,-130.0
2021-11-05,0.22,29.857142857142858,1.9881998493597788,-22.0,101.0,64.0
2021-11-06,0.22,27.142857142857142,1.6587998995731859,-21.0,84.0,46.0
2021-11-07,0.22,26.714285714285715,1.6587998995731859,0.0,0.0,-27.0
2021-11-08,0.22,24.0,1.988199849359779,37.0,-47.0,-84.0
2021-11-09,0.22,26.571428571428573,2.3175997991463717,-13.0,22.0,29.0
2021-11-10,0.22,28.0,1.988199849359779,1.0,-10.0,4.0
2021-11-11,0.22,28.285714285714285,2.317599799146372,3.0,17.0,-25.0
2021-11-12,0.22,32.0,2.646999748932965,-13.0,35.0,22.0
2021-11-13,0.22,33.714285714285715,2.976399698719558,-11.0,37.0,2.0
2021-11-14,0.22,34.857142857142854,2.789856891790108,-3.0,-40.0,10.0
2021-11-15,0.22,34.0,2.460456942003515,2.0,-15.0,20.0
2021-11-16,0.22,33.142857142857146,2.4604569420035145,3.0,7.0,1.0
2021-11-17,0.22,31.142857142857142,2.4604569420035145,2.0,11.0,-9.0
2021-11-18,0.22,32.714285714285715,2.460456942003515,43.0,-58.0,-78.0
2021-11-19,0.22,31.285714285714285,2.2739141350740644,-24.0,26.0,43.0
2021-11-20,0.22,32.857142857142854,2.273914135074065,-19.0,61.0,0.0
2021-11-21,0.22,31.285714285714285,2.131056992216922,-7.0,-33.0,14.0
2021-11-22,0.22,31.142857142857142,2.4604569420035145,6.0,-3.0,22.0
2021-11-23,0.22,31.857142857142858,2.4604569420035145,-2.0,2.0,6.0
2021-11-24,0.22,32.142857142857146,2.789856891790108,-1.0,11.0,8.0
2021-11-25,0.22,33.285714285714285,2.6033140848606573,10.0,-8.0,-24.0
2021-11-26,0.22,33.857142857142854,2.789856891790108,14.0,-21.0,-36.0
2021-11-27,0.22,32.714285714285715,2.789856891790108,-10.0,31.0,-9.0
2021-11-28,0.22,31.142857142857142,3.119256841576701,14.0,-33.0,-31.0
2021-11-29,0.22,30.428571428571427,3.119256841576701,-5.0,-18.0,50.0
2021-11-30,0.22,29.428571428571427,3.1192568415767004,-20.0,24.0,28.0
2021-12-01,0.17,31.428571428571427,2.789856891790108,-6.0,27.0,28.0
2021-12-02,0.17,29.142857142857142,2.976399698719558,7.0,2.0,-13.0
2021-12-03,0.17,29.0,2.646999748932965,-2.0,7.0,6.0
2021-12-04,0.17,56.47577203113231,2.646999748932965,-10.0,19.0,3.0
2021-12-05,0.17,61.618629173989454,2.3175997991463717,3.0,-34.0,-15.0
2021-12-06,0.17,61.047200602560885,2.317599799146372,-1.0,-2.0,25.0
2021-12-07,0.17,58.33291488827517,1.9881998493597788,-1.0,5.0,11.0
2021-12-08,0.17,55.76148631684659,2.317599799146372,-5.0,13.0,20.0
2021-12-09,0.17,55.047200602560885,1.988199849359779,7.0,0.0,-8.0
2021-12-10,0.17,54.190057745418024,2.3175997991463717,-2.0,0.0,-6.0
2021-12-11,0.17,24.857142857142858,2.3175997991463717,-1.0,27.0,-18.0
2021-12-12,0.17,18.857142857142858,2.646999748932965,-3.0,-31.0,2.0
2021-12-13,0.17,18.714285714285715,2.646999748932965,2.0,-6.0,11.0
2021-12-14,0.17,20.428571428571427,2.646999748932965,6.0,7.0,-18.0
2021-12-15,0.17,19.0,2.646999748932965,-4.0,12.0,9.0
2021-12-16,0.17,18.428571428571427,2.646999748932965,6.0,-1.0,-4.0
2021-12-17,0.17,47.47577203113231,2.646999748932965,1.0,7.0,-3.0
2021-12-18,0.17,45.33291488827517,2.646999748932965,-13.0,34.0,6.0
2021-12-19,0.17,46.47577203113231,2.317599799146372,5.0,-42.0,-18.0
2021-12-20,0.17,46.90434345970374,2.3175997991463717,4.0,-4.0,12.0
2021-12-21,0.17,46.33291488827517,2.646999748932965,-4.0,3.0,3.0
2021-12-22,0.17,47.47577203113231,2.646999748932965,-1.0,8.0,24.0
2021-12-23,0.17,45.190057745418024,2.976399698719558,3.0,-1.0,-3.0
2021-12-24,0.17,15.571428571428571,2.9763996987195576,0.0,-25.0,23.0
2021-12-25,0.17,16.285714285714285,2.976399698719558,4.0,-37.0,-25.0
2021-12-26,0.17,14.285714285714286,3.3057996485061514,-9.0,55.0,-8.0
2021-12-27,0.17,14.285714285714286,3.305799648506151,6.0,-9.0,4.0
2021-12-28,0.17,12.714285714285714,3.3057996485061514,-1.0,-2.0,4.0
2021-12-29,0.17,11.428571428571429,3.305799648506151,-2.0,14.0,18.0
2021-12-30,0.17,12.428571428571429,2.9763996987195576,7.0,-4.0,-13.0
2021-12-31,0.17,12.0,2.976399698719558,-5.0,-4.0,45.0
