FECHA,BMW,Casos,Muertes,Mov Residencial,Mov trabajo,Mov estaciones
2020-06-17,0.171,66.93346723575193,3.5184534270650265,12.0,11.0,-65.0
2020-06-18,0.171,65.7906100928948,3.5184534270650265,-2.0,-27.0,-30.0
2020-06-19,0.171,45.0,3.5184534270650265,-6.0,47.0,37.0
2020-06-20,0.171,56.0,3.5184534270650265,-3.0,9.0,63.0
2020-06-21,0.171,56.0,3.518453427065026,-3.0,67.0,-44.0
2020-06-22,0.171,58.285714285714285,3.518453427065026,12.0,-100.0,-23.0
2020-06-23,0.171,60.142857142857146,3.5184534270650265,-12.0,-57.0,99.0
2020-06-24,0.171,59.714285714285715,3.5184534270650265,6.0,68.0,-96.0
2020-06-25,0.171,64.28571428571429,3.5184534270650265,3.0,-30.0,0.0
2020-06-26,0.171,56.285714285714285,3.5184534270650265,-7.0,31.0,20.0
2020-06-27,0.171,45.0,3.5184534270650265,7.0,1.0,-26.0
2020-06-28,0.171,49.142857142857146,3.5184534270650265,-6.0,43.0,46.0
2020-06-29,0.171,47.0,3.518453427065026,8.0,-55.0,-26.0
2020-06-30,0.171,44.714285714285715,3.518453427065026,-15.0,-27.0,4.0
2020-07-01,0.0064516129032258064,41.42857142857143,3.5184534270650265,15.0,13.0,-17.0
2020-07-02,0.0064516129032258064,31.857142857142858,3.5184534270650265,-12.0,9.0,42.0
2020-07-03,0.0064516129032258064,34.42857142857143,3.5184534270650265,-4.0,25.0,21.0
2020-07-04,0.0064516129032258064,33.285714285714285,3.5184534270650265,3.0,-1.0,37.0
2020-07-05,0.0064516129032258064,25.857142857142858,3.5184534270650265,-4.0,48.0,-27.0
2020-07-06,0.0064516129032258064,23.285714285714285,3.5184534270650265,3.0,-65.0,-56.0
2020-07-07,0.0064516129032258064,28.0,3.518453427065026,-1.0,-17.0,99.0
2020-07-08,0.0064516129032258064,25.0,3.518453427065026,1.0,50.0,-90.0
2020-07-09,0.0064516129032258064,24.428571428571427,3.5184534270650265,1.0,-31.0,20.0
2020-07-10,0.0064516129032258064,38.0,3.5184534270650265,10.0,29.0,-1.0
2020-07-11,0.0064516129032258064,38.285714285714285,3.5184534270650265,5.0,-54.0,51.0
2020-07-12,0.0064516129032258064,34.714285714285715,3.5184534270650265,-12.0,103.0,-64.0
2020-07-13,0.0064516129032258064,33.714285714285715,3.5184534270650265,6.0,-53.0,1.0
2020-07-14,0.0064516129032258064,34.57142857142857,3.5184534270650265,-3.0,-21.0,61.0
2020-07-15,0.0064516129032258064,37.857142857142854,3.518453427065026,-2.0,52.0,-69.0
2020-07-16,0.0064516129032258064,44.857142857142854,3.518453427065026,-2.0,-24.0,-9.0
2020-07-17,0.0064516129032258064,31.142857142857142,3.5184534270650265,-5.0,38.0,44.0
2020-07-18,0.0064516129032258064,42.57142857142857,3.5184534270650265,4.0,-26.0,-27.0
2020-07-19,0.0064516129032258064,43.142857142857146,3.5184534270650265,1.0,29.0,29.0
2020-07-20,0.0064516129032258064,42.714285714285715,3.5184534270650265,2.0,-41.0,-16.0
2020-07-21,0.0064516129032258064,49.0,3.5184534270650265,6.0,-17.0,18.0
2020-07-22,0.0064516129032258064,51.42857142857143,3.5184534270650265,6.0,20.0,-10.0
2020-07-23,0.0064516129032258064,50.142857142857146,3.518453427065026,7.0,-57.0,-39.0
2020-07-24,0.0064516129032258064,49.42857142857143,3.518453427065026,44.0,-94.0,-149.0
2020-07-25,0.0064516129032258064,40.714285714285715,3.5184534270650265,4.0,11.0,-11.0
2020-07-26,0.0064516129032258064,46.285714285714285,3.5184534270650265,-20.0,129.0,26.0
2020-07-27,0.0064516129032258064,51.57142857142857,3.5184534270650265,38.0,-180.0,-50.0
2020-07-28,0.0064516129032258064,70.21918152146623,3.5184534270650265,-6.0,-24.0,-9.0
2020-07-29,0.0064516129032258064,88.36203866432336,3.5184534270650265,10.0,30.0,13.0
2020-07-30,0.0064516129032258064,87.21918152146623,3.5872457946271656,-11.0,-18.0,2.0
2020-07-31,0.0064516129032258064,99.36203866432336,3.227466733617876,0.0,23.0,25.0
2020-08-01,0.06741935483870967,114.36203866432336,2.8676876726085863,4.0,-18.0,-40.0
2020-08-02,0.06741935483870967,116.64775295003766,2.507908611599297,-18.0,166.0,6.0
2020-08-03,0.06741935483870967,122.07632437860909,2.507908611599297,28.0,-169.0,-12.0
2020-08-04,0.06741935483870967,104.57142857142857,2.507908611599297,-8.0,-27.0,4.0
2020-08-05,0.06741935483870967,90.71428571428571,2.507908611599297,-7.0,67.0,3.0
2020-08-06,0.06741935483870967,101.71428571428571,2.0793371830278686,-1.0,-9.0,13.0
2020-08-07,0.06741935483870967,120.71428571428571,2.2221943258850114,-21.0,83.0,59.0
2020-08-08,0.06741935483870967,125.57142857142857,2.2221943258850114,6.0,-21.0,-42.0
2020-08-09,0.06741935483870967,131.71428571428572,2.5819733868943007,-11.0,176.0,9.0
2020-08-10,0.06741935483870967,133.28571428571428,2.581973386894301,18.0,-163.0,1.0
2020-08-11,0.06741935483870967,131.85714285714286,2.2221943258850114,-6.0,-19.0,-6.0
2020-08-12,0.06741935483870967,127.0,2.222194325885011,-3.0,22.0,19.0
2020-08-13,0.06741935483870967,127.85714285714286,2.222194325885011,2.0,-34.0,-7.0
2020-08-14,0.06741935483870967,104.57142857142857,2.439116244037158,-8.0,75.0,21.0
2020-08-15,0.06741935483870967,107.85714285714286,2.798895305046447,14.0,-26.0,-59.0
2020-08-16,0.06741935483870967,116.57142857142857,2.7248305297514435,-32.0,183.0,54.0
2020-08-17,0.06741935483870967,119.14285714285714,2.365051468742154,12.0,-179.0,38.0
2020-08-18,0.06741935483870967,117.71428571428571,2.365051468742154,-8.0,-4.0,-1.0
2020-08-19,0.06741935483870967,127.71428571428571,2.3650514687421547,6.0,6.0,5.0
2020-08-20,0.06741935483870967,116.14285714285714,2.724830529751444,0.0,-8.0,-7.0
2020-08-21,0.06741935483870967,121.57142857142857,2.507908611599297,-5.0,24.0,11.0
2020-08-22,0.06741935483870967,106.0,2.29098669344715,3.0,-10.0,-8.0
2020-08-23,0.06741935483870967,96.71428571428571,2.365051468742154,-12.0,67.0,-2.0
2020-08-24,0.06741935483870967,96.42857142857143,2.7248305297514435,12.0,-68.0,20.0
2020-08-25,0.06741935483870967,97.0,2.8676876726085863,-13.0,-3.0,-8.0
2020-08-26,0.06741935483870967,101.28571428571429,2.507908611599297,5.0,3.0,12.0
2020-08-27,0.06741935483870967,114.28571428571429,2.5079086115992975,0.0,3.0,-9.0
2020-08-28,0.06741935483870967,113.42857142857143,2.5079086115992975,-1.0,14.0,15.0
2020-08-29,0.06741935483870967,118.28571428571429,2.3650514687421547,-1.0,2.0,-16.0
2020-08-30,0.06741935483870967,123.71428571428571,2.365051468742154,-6.0,52.0,-4.0
2020-08-31,0.06741935483870967,127.14285714285714,2.365051468742154,3.0,-54.0,18.0
2020-09-01,0.17099999999999999,134.0,2.2221943258850114,-11.0,5.0,5.0
2020-09-02,0.17099999999999999,131.71428571428572,2.5819733868943007,1.0,2.0,18.0
2020-09-03,0.17099999999999999,126.28571428571429,2.507908611599297,7.0,-13.0,-10.0
2020-09-04,0.17099999999999999,122.28571428571429,2.65076575445644,-1.0,26.0,17.0
2020-09-05,0.17099999999999999,131.85714285714286,2.65076575445644,-4.0,0.0,-22.0
2020-09-06,0.17099999999999999,130.0,2.4338438363042934,-1.0,32.0,1.0
2020-09-07,0.17099999999999999,122.0,2.4338438363042934,4.0,-41.0,17.0
2020-09-08,0.17099999999999999,117.14285714285714,2.4338438363042934,-12.0,7.0,0.0
2020-09-09,0.17099999999999999,122.14285714285714,2.0740647752950037,4.0,3.0,10.0
2020-09-10,0.17099999999999999,123.0,2.2169219181521465,-3.0,-10.0,1.0
2020-09-11,0.17099999999999999,125.71428571428571,2.29098669344715,17.0,14.0,-66.0
2020-09-12,0.17099999999999999,121.14285714285714,2.29098669344715,4.0,-22.0,51.0
2020-09-13,0.17099999999999999,121.85714285714286,2.1481295505900073,-20.0,83.0,-16.0
2020-09-14,0.17099999999999999,141.36203866432336,2.1481295505900073,13.0,-41.0,-24.0
2020-09-15,0.17099999999999999,175.5048958071805,2.1481295505900073,-7.0,21.0,82.0
2020-09-16,0.17099999999999999,168.36203866432336,2.1481295505900073,14.0,-57.0,-90.0
2020-09-17,0.17099999999999999,168.64775295003764,2.0052724077328645,-6.0,-6.0,4.0
2020-09-18,0.17099999999999999,178.36203866432336,1.645493346723575,5.0,47.0,23.0
2020-09-19,0.17099999999999999,173.36203866432336,1.9312076324378609,-2.0,35.0,65.0
2020-09-20,0.17099999999999999,177.0763243786091,2.0740647752950037,-1.0,10.0,-70.0
2020-09-21,0.17099999999999999,162.14285714285714,1.8571428571428572,30.0,-132.0,19.0
2020-09-22,0.17099999999999999,152.85714285714286,1.8571428571428572,-24.0,38.0,35.0
2020-09-23,0.17099999999999999,150.85714285714286,2.0,11.0,-44.0,-8.0
2020-09-24,0.17099999999999999,158.14285714285714,2.074064775295004,10.0,3.0,27.0
2020-09-25,0.17099999999999999,169.14285714285714,2.0740647752950037,10.0,31.0,-58.0
2020-09-26,0.17099999999999999,189.57142857142858,1.788350489580718,-6.0,10.0,69.0
2020-09-27,0.17099999999999999,200.71428571428572,2.0052724077328645,-7.0,-2.0,-66.0
2020-09-28,0.17099999999999999,209.57142857142858,2.222194325885011,8.0,-38.0,48.0
2020-09-29,0.17099999999999999,209.42857142857142,2.222194325885011,-12.0,-14.0,-4.0
2020-09-30,0.17099999999999999,229.57142857142858,2.222194325885011,-26.0,-110.0,-9.0
2020-10-01,0.171,224.85714285714286,1.8624152648757217,-41.0,-8.0,-5.0
2020-10-02,0.171,229.42857142857142,1.8624152648757217,-3.0,-61.0,-32.0
2020-10-03,0.171,228.28571428571428,2.0052724077328645,-4.0,92.0,-38.0
2020-10-04,0.171,222.28571428571428,1.9312076324378609,0.0,-46.0,-36.0
2020-10-05,0.171,232.57142857142858,1.5714285714285714,-8.0,3.0,82.0
2020-10-06,0.171,213.42857142857142,1.8571428571428572,13.0,13.0,-50.0
2020-10-07,0.171,215.14285714285714,1.8571428571428572,-1.0,47.0,40.0
2020-10-08,0.171,224.0,2.142857142857143,16.0,49.0,16.0
2020-10-09,0.171,201.85714285714286,2.4285714285714284,12.0,22.0,8.0
2020-10-10,0.171,206.14285714285714,2.4285714285714284,8.0,-56.0,-41.0
2020-10-11,0.171,210.14285714285714,2.4285714285714284,-4.0,37.0,-43.0
2020-10-12,0.171,207.28571428571428,2.5714285714285716,8.0,-6.0,76.0
2020-10-13,0.171,221.85714285714286,2.7142857142857144,-18.0,6.0,-33.0
2020-10-14,0.171,229.28571428571428,3.2857142857142856,8.0,6.0,52.0
2020-10-15,0.171,242.71428571428572,3.0,37.0,-128.0,-117.0
2020-10-16,0.171,272.14285714285717,3.2857142857142856,-27.0,129.0,174.0
2020-10-17,0.171,292.7142857142857,3.2857142857142856,18.0,-28.0,-87.0
2020-10-18,0.171,305.2857142857143,3.5714285714285716,1.0,3.0,-61.0
2020-10-19,0.171,317.42857142857144,3.4285714285714284,6.0,-23.0,109.0
2020-10-20,0.171,324.14285714285717,3.4285714285714284,-10.0,12.0,-15.0
2020-10-21,0.171,310.42857142857144,3.0,-13.0,-24.0,15.0
2020-10-22,0.171,320.42857142857144,3.2857142857142856,-12.0,-27.0,-38.0
2020-10-23,0.171,294.57142857142856,3.2857142857142856,15.0,-11.0,-31.0
2020-10-24,0.171,268.7142857142857,3.857142857142857,8.0,-47.0,-49.0
2020-10-25,0.171,242.71428571428572,3.2857142857142856,-29.0,92.0,-1.0
2020-10-26,0.171,235.14285714285714,3.857142857142857,-3.0,-29.0,134.0
2020-10-27,0.171,220.28571428571428,4.142857142857143,-7.0,2.0,-27.0
2020-10-28,0.171,220.28571428571428,4.571428571428571,4.0,11.0,-1.0
2020-10-29,0.171,204.28571428571428,4.714285714285714,11.0,-14.0,-13.0
2020-10-30,0.171,213.57142857142858,4.571428571428571,6.0,-38.0,18.0
2020-10-31,0.171,211.42857142857142,4.285714285714286,19.0,13.0,-119.0
2020-11-01,0.17099999999999999,226.85714285714286,4.571428571428571,-10.0,45.0,1.0
2020-11-02,0.17099999999999999,238.14285714285714,5.142857142857143,-11.0,-15.0,133.0
2020-11-03,0.17099999999999999,233.85714285714286,4.857142857142857,-7.0,36.0,-40.0
2020-11-04,0.17099999999999999,242.0,4.428571428571429,5.0,-21.0,4.0
2020-11-05,0.17099999999999999,239.14285714285714,4.142857142857143,-11.0,-29.0,-19.0
2020-11-06,0.17099999999999999,231.28571428571428,3.857142857142857,-3.0,33.0,36.0
2020-11-07,0.17099999999999999,232.71428571428572,3.7142857142857144,3.0,14.0,-61.0
2020-11-08,0.17099999999999999,232.28571428571428,3.7142857142857144,-3.0,-57.0,-36.0
2020-11-09,0.17099999999999999,209.57142857142858,2.5714285714285716,-1.0,26.0,65.0
2020-11-10,0.17099999999999999,219.42857142857142,2.2857142857142856,-3.0,2.0,-18.0
2020-11-11,0.17099999999999999,206.71428571428572,2.142857142857143,2.0,12.0,14.0
2020-11-12,0.17099999999999999,212.28571428571428,2.5714285714285716,-8.0,-13.0,0.0
2020-11-13,0.17099999999999999,219.14285714285714,3.142857142857143,-3.0,47.0,61.0
2020-11-14,0.17099999999999999,215.0,3.4285714285714284,11.0,-69.0,-42.0
2020-11-15,0.17099999999999999,213.57142857142858,3.4285714285714284,-19.0,19.0,11.0
2020-11-16,0.17099999999999999,213.0,3.7142857142857144,30.0,-133.0,-81.0
2020-11-17,0.17099999999999999,204.42857142857142,3.5714285714285716,-13.0,5.0,7.0
2020-11-18,0.17099999999999999,195.42857142857142,4.142857142857143,-7.0,131.0,40.0
2020-11-19,0.17099999999999999,191.0,3.931207632437861,10.0,11.0,7.0
2020-11-20,0.17099999999999999,189.0,3.2169219181521465,-6.0,21.0,34.0
2020-11-21,0.17099999999999999,197.42857142857142,2.6454933467235753,4.0,23.0,-66.0
2020-11-22,0.17099999999999999,218.42857142857142,2.6454933467235753,-1.0,-67.0,-32.0
2020-11-23,0.17099999999999999,228.71428571428572,2.5026362038664325,8.0,24.0,47.0
2020-11-24,0.17099999999999999,247.42857142857142,2.6454933467235753,-7.0,5.0,7.0
2020-11-25,0.17099999999999999,259.2857142857143,2.5026362038664325,1.0,10.0,10.0
2020-11-26,0.17099999999999999,249.14285714285714,2.5714285714285716,8.0,-26.0,-16.0
2020-11-27,0.17099999999999999,252.28571428571428,3.4285714285714284,-13.0,21.0,97.0
2020-11-28,0.17099999999999999,247.28571428571428,4.285714285714286,15.0,21.0,-105.0
2020-11-29,0.17099999999999999,215.71428571428572,5.285714285714286,-4.0,-53.0,-49.0
2020-11-30,0.17099999999999999,199.28571428571428,6.142857142857143,4.0,20.0,63.0
2020-12-01,0.2990322580645161,186.14285714285714,7.0,-10.0,33.0,3.0
2020-12-02,0.2990322580645161,179.57142857142858,6.571428571428571,-2.0,6.0,-10.0
2020-12-03,0.2990322580645161,177.71428571428572,6.428571428571429,8.0,3.0,1.0
2020-12-04,0.2990322580645161,168.14285714285714,5.571428571428571,-4.0,41.0,33.0
2020-12-05,0.2990322580645161,158.28571428571428,5.142857142857143,4.0,2.0,-26.0
2020-12-06,0.2990322580645161,166.14285714285714,4.714285714285714,-4.0,-56.0,-58.0
2020-12-07,0.2990322580645161,168.57142857142858,4.0,-1.0,1.0,95.0
2020-12-08,0.2990322580645161,164.71428571428572,3.142857142857143,-1.0,32.0,-22.0
2020-12-09,0.2990322580645161,163.42857142857142,3.857142857142857,14.0,11.0,31.0
2020-12-10,0.2990322580645161,164.14285714285714,3.931207632437861,17.0,27.0,44.0
2020-12-11,0.2990322580645161,166.85714285714286,4.074064775295004,6.0,27.0,54.0
2020-12-12,0.2990322580645161,168.42857142857142,3.788350489580718,5.0,-51.0,-48.0
2020-12-13,0.2990322580645161,154.57142857142858,3.29098669344715,0.0,-2.0,-57.0
2020-12-14,0.2990322580645161,140.57142857142858,3.1481295505900073,-7.0,33.0,88.0
2020-12-15,0.2990322580645161,128.0,3.29098669344715,-4.0,10.0,-10.0
2020-12-16,0.2990322580645161,119.85714285714286,2.576700979161436,-7.0,-8.0,8.0
2020-12-17,0.2990322580645161,109.85714285714286,2.5026362038664325,7.0,-3.0,9.0
2020-12-18,0.2990322580645161,97.28571428571429,2.5026362038664325,-1.0,23.0,29.0
2020-12-19,0.299032258064516,80.28571428571429,2.5026362038664325,2.0,40.0,-47.0
2020-12-20,0.299032258064516,70.14285714285714,2.142857142857143,-2.0,-69.0,-30.0
2020-12-21,0.299032258064516,67.85714285714286,2.3597790610092892,-2.0,-9.0,75.0
2020-12-22,0.299032258064516,61.57142857142857,2.4338438363042934,-6.0,18.0,4.0
2020-12-23,0.299032258064516,64.85714285714286,2.29098669344715,8.0,-10.0,-3.0
2020-12-24,0.299032258064516,60.285714285714285,2.29098669344715,-6.0,-53.0,27.0
2020-12-25,0.299032258064516,57.57142857142857,2.4338438363042934,16.0,-141.0,-201.0
2020-12-26,0.299032258064516,54.0,2.6507657544564402,6.0,103.0,3.0
2020-12-27,0.299032258064516,54.714285714285715,3.0793371830278686,-7.0,35.0,-24.0
2020-12-28,0.299032258064516,53.714285714285715,3.0793371830278686,-6.0,-25.0,90.0
2020-12-29,0.299032258064516,53.285714285714285,3.29098669344715,-2.0,9.0,7.0
2020-12-30,0.299032258064516,44.285714285714285,3.29098669344715,-1.0,13.0,23.0
2020-12-31,0.299032258064516,68.7906100928948,3.365051468742154,-18.0,-69.0,27.0
2021-01-01,0.10258834244080219,69.07632437860909,3.222194325885011,19.0,-155.0,-197.0
2021-01-02,0.10258834244080219,69.64775295003766,2.8624152648757217,14.0,209.0,69.0
2021-01-03,0.10258834244080219,67.50489580718052,2.4338438363042934,-8.0,39.0,9.0
2021-01-04,0.10258834244080219,70.36203866432336,2.3597790610092892,-5.0,-18.0,70.0
2021-01-05,0.10258834244080219,77.50489580718052,1.9312076324378609,-11.0,21.0,31.0
2021-01-06,0.10258834244080219,81.07632437860909,2.29098669344715,2.0,37.0,-21.0
2021-01-07,0.10258834244080219,56.285714285714285,1.9312076324378609,9.0,-12.0,-7.0
2021-01-08,0.10258834244080219,77.93346723575193,2.1481295505900073,-7.0,46.0,16.0
2021-01-09,0.10258834244080219,89.07632437860909,2.1481295505900073,4.0,-48.0,-52.0
2021-01-10,0.10258834244080219,85.64775295003766,2.507908611599297,-2.0,16.0,-19.0
2021-01-11,0.10258834244080219,83.07632437860909,2.5819733868943007,7.0,21.0,44.0
2021-01-12,0.10258834244080219,75.36203866432336,2.798895305046447,-5.0,6.0,-18.0
2021-01-13,0.10258834244080219,72.21918152146624,2.7988953050464476,-5.0,-39.0,-17.0
2021-01-14,0.10258834244080219,68.07632437860909,3.1586743660557373,-4.0,-43.0,-23.0
2021-01-15,0.10258834244080219,40.0,3.1586743660557373,-3.0,-5.0,-10.0
2021-01-16,0.10258834244080219,27.0,3.1586743660557373,7.0,0.0,-39.0
2021-01-17,0.10258834244080219,28.0,3.1586743660557373,-5.0,-57.0,-16.0
2021-01-18,0.10258834244080219,24.857142857142858,3.1586743660557373,10.0,61.0,43.0
2021-01-19,0.10258834244080219,25.0,2.798895305046447,-4.0,-2.0,-14.0
2021-01-20,0.10258834244080219,21.428571428571427,2.798895305046447,5.0,5.0,8.0
2021-01-21,0.10258834244080219,21.571428571428573,2.798895305046447,-9.0,0.0,14.0
2021-01-22,0.10258834244080219,20.285714285714285,2.5819733868943007,8.0,37.0,17.0
2021-01-23,0.10258834244080219,19.285714285714285,2.94175244790359,0.0,-5.0,-3.0
2021-01-24,0.10258834244080219,18.571428571428573,2.9417524479035904,1.0,-49.0,-28.0
2021-01-25,0.10258834244080219,18.571428571428573,2.9417524479035904,28.0,-50.0,-11.0
2021-01-26,0.10258834244080219,14.714285714285714,3.30153150891288,18.0,-159.0,-128.0
2021-01-27,0.10258834244080219,12.571428571428571,2.9417524479035904,-54.0,263.0,179.0
2021-01-28,0.10258834244080219,12.0,2.9417524479035904,-3.0,-24.0,8.0
2021-01-29,0.10258834244080219,12.0,2.7988953050464476,-8.0,24.0,24.0
2021-01-30,0.10258834244080219,11.714285714285714,2.798895305046447,-16.0,-42.0,-50.0
2021-01-31,0.10258834244080219,11.714285714285714,2.798895305046447,-1.0,-47.0,9.0
2021-02-01,0.10258834244080219,10.714285714285714,2.798895305046447,6.0,31.0,28.0
2021-02-02,0.10258834244080219,10.571428571428571,2.798895305046447,-14.0,10.0,13.0
2021-02-03,0.10258834244080219,11.285714285714286,2.798895305046447,10.0,-8.0,-8.0
2021-02-04,0.10258834244080219,11.0,2.7988953050464476,-10.0,-28.0,-12.0
2021-02-05,0.10258834244080219,10.428571428571429,3.1586743660557373,-5.0,30.0,12.0
2021-02-06,0.10258834244080219,9.285714285714286,3.1586743660557373,3.0,5.0,-13.0
2021-02-07,0.10258834244080219,8.285714285714286,2.7988953050464476,10.0,-88.0,-51.0
2021-02-08,0.10258834244080219,8.285714285714286,2.7988953050464476,-25.0,52.0,78.0
2021-02-09,0.10258834244080219,8.571428571428571,2.798895305046447,11.0,26.0,-19.0
2021-02-10,0.10258834244080219,8.857142857142858,3.158674366055737,4.0,3.0,-13.0
2021-02-11,0.10258834244080219,8.0,3.158674366055737,-4.0,20.0,12.0
2021-02-12,0.10258834244080219,8.0,3.158674366055737,5.0,16.0,23.0
2021-02-13,0.10258834244080219,9.428571428571429,3.1586743660557373,4.0,-72.0,-36.0
2021-02-14,0.10258834244080219,10.0,3.5184534270650265,-7.0,-16.0,-21.0
2021-02-15,0.10258834244080219,10.571428571428571,3.5184534270650265,14.0,-64.0,22.0
2021-02-16,0.10258834244080219,10.857142857142858,3.5184534270650265,-12.0,136.0,20.0
2021-02-17,0.10258834244080219,10.714285714285714,3.5184534270650265,7.0,11.0,-13.0
2021-02-18,0.10258834244080219,10.0,3.5184534270650265,4.0,-18.0,-3.0
2021-02-19,0.10258834244080219,9.142857142857142,3.518453427065026,-12.0,26.0,30.0
2021-02-20,0.10258834244080219,7.142857142857143,3.518453427065026,4.0,20.0,-35.0
2021-02-21,0.10258834244080219,5.857142857142857,3.5184534270650265,16.0,-98.0,-52.0
2021-02-22,0.10258834244080219,5.142857142857143,3.5184534270650265,-12.0,74.0,65.0
2021-02-23,0.10258834244080219,4.285714285714286,3.5184534270650265,-3.0,13.0,3.0
2021-02-24,0.10258834244080219,3.857142857142857,3.5184534270650265,-4.0,-28.0,40.0
2021-02-25,0.10258834244080219,4.0,3.5184534270650265,6.0,17.0,-22.0
2021-02-26,0.10258834244080219,4.285714285714286,3.5184534270650265,-11.0,36.0,33.0
2021-02-27,0.10258834244080219,5.428571428571429,3.518453427065026,7.0,-17.0,-45.0
2021-02-28,0.10258834244080219,5.142857142857143,3.518453427065026,3.0,-96.0,-19.0
2021-03-01,0.10258834244080219,4.857142857142857,3.5184534270650265,-4.0,69.0,27.0
2021-03-02,0.10258834244080219,5.571428571428571,3.5184534270650265,1.0,17.0,-6.0
2021-03-03,0.10258834244080219,4.714285714285714,3.5184534270650265,9.0,20.0,-8.0
2021-03-04,0.10258834244080219,35.7906100928948,3.5184534270650265,0.0,-21.0,11.0
2021-03-05,0.10258834244080219,35.21918152146623,3.5184534270650265,-17.0,8.0,41.0
2021-03-06,0.10258834244080219,33.93346723575194,3.5184534270650265,-10.0,30.0,-25.0
2021-03-07,0.10258834244080219,34.07632437860909,3.518453427065026,23.0,-114.0,-45.0
2021-03-08,0.10258834244080219,34.647752950037656,3.518453427065026,-5.0,107.0,42.0
2021-03-09,0.10258834244080219,33.7906100928948,3.5184534270650265,-1.0,10.0,-33.0
2021-03-10,0.10258834244080219,34.647752950037656,3.5184534270650265,2.0,-5.0,41.0
2021-03-11,0.10258834244080219,3.7142857142857144,3.5184534270650265,1.0,-16.0,8.0
2021-03-12,0.10258834244080219,3.4285714285714284,3.5184534270650265,-4.0,41.0,17.0
2021-03-13,0.10258834244080219,3.2857142857142856,3.5184534270650265,23.0,-149.0,-91.0
2021-03-14,0.10258834244080219,3.142857142857143,3.5184534270650265,-8.0,20.0,17.0
2021-03-15,0.10258834244080219,33.93346723575194,3.518453427065026,-20.0,69.0,73.0
2021-03-16,0.10258834244080219,33.93346723575194,3.518453427065026,1.0,43.0,-16.0
2021-03-17,0.10258834244080219,34.07632437860909,3.5184534270650265,3.0,18.0,-4.0
2021-03-18,0.10258834244080219,33.7906100928948,3.5184534270650265,3.0,-9.0,-4.0
2021-03-19,0.10258834244080219,33.7906100928948,3.5184534270650265,-5.0,10.0,49.0
2021-03-20,0.10258834244080219,34.50489580718052,3.5184534270650265,17.0,-1.0,-100.0
2021-03-21,0.10258834244080219,34.647752950037656,3.5184534270650265,-1.0,-132.0,21.0
2021-03-22,0.10258834244080219,3.7142857142857144,3.5184534270650265,-8.0,129.0,35.0
2021-03-23,0.10258834244080219,5.285714285714286,3.518453427065026,1.0,9.0,-12.0
2021-03-24,0.10258834244080219,5.571428571428571,3.158674366055737,-6.0,-14.0,18.0
2021-03-25,0.10258834244080219,6.0,3.158674366055737,-1.0,-10.0,8.0
2021-03-26,0.10258834244080219,6.714285714285714,3.1586743660557373,-14.0,9.0,47.0
2021-03-27,0.10258834244080219,6.285714285714286,3.1586743660557373,2.0,7.0,-48.0
2021-03-28,0.10258834244080219,7.142857142857143,3.1586743660557373,8.0,-119.0,2.0
2021-03-29,0.10258834244080219,7.428571428571429,3.1586743660557373,50.0,-221.0,-123.0
2021-03-30,0.10258834244080219,5.857142857142857,3.1586743660557373,-5.0,41.0,-61.0
2021-03-31,0.10258834244080219,5.428571428571429,3.5184534270650265,-32.0,46.0,75.0
2021-04-01,0.10258834244080219,4.857142857142857,3.518453427065026,-3.0,-27.0,28.0
2021-04-02,0.10258834244080219,4.714285714285714,3.518453427065026,23.0,-40.0,-43.0
2021-04-03,0.10258834244080219,5.571428571428571,3.5184534270650265,-17.0,240.0,44.0
2021-04-04,0.10258834244080219,5.428571428571429,3.5184534270650265,5.0,-59.0,-9.0
2021-04-05,0.10258834244080219,5.285714285714286,3.5184534270650265,-14.0,86.0,69.0
2021-04-06,0.10258834244080219,6.0,3.5184534270650265,5.0,-8.0,-43.0
2021-04-07,0.10258834244080219,6.714285714285714,3.5184534270650265,2.0,35.0,38.0
2021-04-08,0.10258834244080219,8.857142857142858,3.1586743660557373,2.0,-7.0,-21.0
2021-04-09,0.10258834244080219,9.857142857142858,3.158674366055737,-5.0,33.0,41.0
2021-04-10,0.10258834244080219,10.142857142857142,3.158674366055737,9.0,-100.0,-49.0
2021-04-11,0.10258834244080219,10.428571428571429,2.798895305046447,2.0,-83.0,-21.0
2021-04-12,0.10258834244080219,12.285714285714286,2.798895305046447,-20.0,122.0,60.0
2021-04-13,0.10258834244080219,15.0,2.7988953050464476,47.0,-243.0,-71.0
2021-04-14,0.10258834244080219,16.285714285714285,2.7988953050464476,-2.0,-14.0,-20.0
2021-04-15,0.10258834244080219,16.571428571428573,3.1586743660557373,-38.0,270.0,43.0
2021-04-16,0.10258834244080219,19.285714285714285,3.1586743660557373,6.0,36.0,59.0
2021-04-17,0.10258834244080219,23.285714285714285,3.1586743660557373,6.0,-18.0,-103.0
2021-04-18,0.10258834244080219,32.142857142857146,3.5184534270650265,13.0,-162.0,-37.0
2021-04-19,0.10258834244080219,37.285714285714285,3.158674366055737,-1.0,115.0,33.0
2021-04-20,0.10258834244080219,47.0,2.798895305046447,-8.0,13.0,37.0
2021-04-21,0.10258834244080219,57.142857142857146,2.5819733868943007,24.0,-55.0,-76.0
2021-04-22,0.10258834244080219,66.85714285714286,2.222194325885011,5.0,-46.0,-20.0
2021-04-23,0.10258834244080219,77.28571428571429,2.2221943258850114,-7.0,-13.0,106.0
2021-04-24,0.10258834244080219,90.28571428571429,2.005272407732865,6.0,59.0,-85.0
2021-04-25,0.10258834244080219,100.0,1.788350489580718,9.0,-115.0,-46.0
2021-04-26,0.10258834244080219,113.14285714285714,2.3597790610092892,-9.0,102.0,86.0
2021-04-27,0.10258834244080219,124.71428571428571,2.6454933467235753,30.0,-140.0,-208.0
2021-04-28,0.10258834244080219,148.57142857142858,2.6454933467235753,-24.0,114.0,182.0
2021-04-29,0.10258834244080219,181.14285714285714,3.2169219181521465,8.0,-38.0,-43.0
2021-04-30,0.10258834244080219,205.0,3.4285714285714284,28.0,-85.0,-111.0
2021-05-01,0.13,232.0,3.857142857142857,6.0,-47.0,-33.0
2021-05-02,0.13,248.57142857142858,4.285714285714286,-4.0,-17.0,-16.0
2021-05-03,0.13,279.42857142857144,4.571428571428571,17.0,12.0,26.0
2021-05-04,0.13,316.2857142857143,4.428571428571429,-6.0,-22.0,-27.0
2021-05-05,0.13,336.0,5.571428571428571,-7.0,13.0,5.0
2021-05-06,0.13,345.42857142857144,6.714285714285714,15.0,-65.0,-42.0
2021-05-07,0.13,392.42857142857144,6.285714285714286,5.0,22.0,26.0
2021-05-08,0.13,410.0,7.285714285714286,28.0,-65.0,-65.0
2021-05-09,0.13,456.14285714285717,8.714285714285714,-12.0,26.0,-16.0
2021-05-10,0.13,465.0,9.571428571428571,6.0,-39.0,21.0
2021-05-11,0.13,487.7142857142857,12.142857142857142,-1.0,-26.0,-6.0
2021-05-12,0.13,526.1428571428571,13.142857142857142,24.0,5.0,-9.0
2021-05-13,0.13,551.8571428571429,12.714285714285714,-13.0,-22.0,20.0
2021-05-14,0.13,569.8571428571429,14.714285714285714,9.0,9.0,15.0
2021-05-15,0.13,611.0,14.428571428571429,-9.0,46.0,-32.0
2021-05-16,0.13,625.0,14.571428571428571,-7.0,57.0,-6.0
2021-05-17,0.13,611.5714285714286,14.714285714285714,3.0,-75.0,19.0
2021-05-18,0.13,616.1428571428571,14.714285714285714,3.0,-19.0,-21.0
2021-05-19,0.13,604.1428571428571,15.571428571428571,6.0,21.0,17.0
2021-05-20,0.13,616.1428571428571,15.714285714285714,-8.0,-10.0,15.0
2021-05-21,0.13,606.1428571428571,15.571428571428571,-11.0,47.0,55.0
2021-05-22,0.13,610.0,16.0,28.0,-5.0,-69.0
2021-05-23,0.13,622.8571428571429,15.714285714285714,-30.0,68.0,41.0
2021-05-24,0.13,652.5714285714286,16.142857142857142,14.0,-79.0,-23.0
2021-05-25,0.13,681.1428571428571,15.428571428571429,-1.0,-3.0,6.0
2021-05-26,0.13,719.0,13.571428571428571,-3.0,17.0,20.0
2021-05-27,0.13,743.1428571428571,14.571428571428571,14.0,-35.0,-4.0
2021-05-28,0.13,754.0,14.285714285714286,-8.0,50.0,35.0
2021-05-29,0.13,789.7142857142857,14.571428571428571,2.0,25.0,-22.0
2021-05-30,0.13,827.5714285714286,15.0,-8.0,57.0,1.0
2021-05-31,0.13,874.8571428571429,14.571428571428571,12.0,-84.0,5.0
2021-06-01,0.31,871.1428571428571,15.0,-6.0,-4.0,0.0
2021-06-02,0.31,854.2857142857143,15.571428571428571,7.0,10.0,7.0
2021-06-03,0.31,826.8571428571429,14.428571428571429,5.0,-40.0,-3.0
2021-06-04,0.31,835.2857142857143,14.571428571428571,-4.0,47.0,17.0
2021-06-05,0.31,793.8571428571429,13.714285714285714,-3.0,23.0,-14.0
2021-06-06,0.31,764.0,12.571428571428571,-6.0,22.0,-15.0
2021-06-07,0.31,725.2857142857143,12.714285714285714,-2.0,-41.0,37.0
2021-06-08,0.31,718.1428571428571,11.857142857142858,-10.0,-6.0,-8.0
2021-06-09,0.31,724.7142857142857,10.857142857142858,7.0,25.0,-7.0
2021-06-10,0.31,740.2857142857143,10.857142857142858,-5.0,-19.0,14.0
2021-06-11,0.31,725.4285714285714,11.571428571428571,0.0,41.0,15.0
2021-06-12,0.31,702.1428571428571,12.428571428571429,5.0,-36.0,-28.0
2021-06-13,0.31,660.2857142857143,13.285714285714286,-19.0,83.0,34.0
2021-06-14,0.31,640.4285714285714,13.428571428571429,6.0,-54.0,-1.0
2021-06-15,0.31,645.7142857142857,12.857142857142858,-12.0,-25.0,-26.0
2021-06-16,0.31,642.4285714285714,13.285714285714286,13.0,28.0,26.0
2021-06-17,0.31,608.8571428571429,13.714285714285714,-6.0,-35.0,-12.0
2021-06-18,0.31,596.8571428571429,12.714285714285714,-3.0,54.0,45.0
2021-06-19,0.31,602.2857142857143,11.428571428571429,2.0,-4.0,-33.0
2021-06-20,0.31,601.8571428571429,10.428571428571429,-17.0,39.0,-9.0
2021-06-21,0.31,586.7142857142857,9.285714285714286,5.0,-43.0,-5.0
2021-06-22,0.31,556.7142857142857,9.571428571428571,-2.0,-14.0,5.0
2021-06-23,0.31,539.1428571428571,9.428571428571429,2.0,16.0,19.0
2021-06-24,0.31,546.8571428571429,9.142857142857142,-4.0,-15.0,-14.0
2021-06-25,0.31,544.2857142857143,8.571428571428571,0.0,65.0,62.0
2021-06-26,0.31,539.8571428571429,9.857142857142858,3.0,-27.0,-50.0
2021-06-27,0.31,560.1428571428571,11.0,-13.0,32.0,29.0
2021-06-28,0.31,571.4285714285714,10.714285714285714,11.0,-30.0,-1.0
2021-06-29,0.31,600.7142857142857,10.857142857142858,1.0,-30.0,-52.0
2021-06-30,0.31,595.4285714285714,10.857142857142858,3.0,30.0,27.0
2021-07-01,0.07,589.5714285714286,11.0,6.0,-24.0,24.0
2021-07-02,0.07,599.7142857142857,11.714285714285714,-8.0,40.0,36.0
2021-07-03,0.07,618.0,11.428571428571429,5.0,8.0,-35.0
2021-07-04,0.07,614.2857142857143,10.285714285714286,-15.0,11.0,13.0
2021-07-05,0.07,614.2857142857143,10.571428571428571,4.0,-21.0,32.0
2021-07-06,0.07,626.1428571428571,11.0,-1.0,-11.0,-34.0
2021-07-07,0.07,650.1428571428571,11.285714285714286,2.0,23.0,23.0
2021-07-08,0.07,697.4285714285714,11.285714285714286,4.0,-42.0,-1.0
2021-07-09,0.07,725.4285714285714,10.857142857142858,-7.0,74.0,29.0
2021-07-10,0.07,739.5714285714286,10.0,25.0,-61.0,-67.0
2021-07-11,0.07,777.8571428571429,10.857142857142858,-26.0,55.0,8.0
2021-07-12,0.07,843.2857142857143,11.857142857142858,-1.0,-90.0,57.0
2021-07-13,0.07,833.7142857142857,13.0,-4.0,51.0,-32.0
2021-07-14,0.07,882.8571428571429,13.857142857142858,4.0,34.0,-1.0
2021-07-15,0.07,911.4285714285714,14.142857142857142,-4.0,-22.0,11.0
2021-07-16,0.07,950.8571428571429,14.142857142857142,-5.0,38.0,35.0
2021-07-17,0.07,1005.5714285714286,15.285714285714286,-26.0,21.0,38.0
2021-07-18,0.07,1013.0,14.857142857142858,88.0,-106.0,-261.0
2021-07-19,0.07,996.4285714285714,15.0,31.0,-122.0,10.0
2021-07-20,0.07,1043.7142857142858,14.285714285714286,-24.0,38.0,17.0
2021-07-21,0.07,1075.5714285714287,14.0,3.0,-41.0,-6.0
2021-07-22,0.07,1059.7142857142858,13.714285714285714,-9.0,41.0,-9.0
2021-07-23,0.07,1082.0,14.428571428571429,0.0,46.0,-1.0
2021-07-24,0.07,1085.857142857143,14.285714285714286,1.0,10.0,14.0
2021-07-25,0.07,1120.7142857142858,14.571428571428571,-17.0,61.0,5.0
2021-07-26,0.07,1151.4285714285713,13.571428571428571,14.0,-90.0,11.0
2021-07-27,0.07,1156.857142857143,12.714285714285714,-9.0,15.0,-9.0
2021-07-28,0.07,1110.5714285714287,12.285714285714286,-8.0,43.0,37.0
2021-07-29,0.07,1120.857142857143,12.142857142857142,5.0,-31.0,-9.0
2021-07-30,0.07,1062.2857142857142,12.857142857142858,-11.0,41.0,33.0
2021-07-31,0.07,1005.5714285714286,13.0,-1.0,16.0,-23.0
2021-08-01,0.14,952.0,12.571428571428571,-15.0,36.0,10.0
2021-08-02,0.14,888.0,13.0,14.0,-69.0,3.0
2021-08-03,0.14,829.1428571428571,13.428571428571429,-6.0,-16.0,-12.0
2021-08-04,0.14,795.1428571428571,13.714285714285714,-10.0,81.0,36.0
2021-08-05,0.14,760.4285714285714,13.285714285714286,3.0,-36.0,17.0
2021-08-06,0.14,741.5714285714286,12.428571428571429,-8.0,58.0,34.0
2021-08-07,0.14,727.0,12.0,16.0,1.0,-53.0
2021-08-08,0.14,713.2857142857143,12.0,-25.0,8.0,45.0
2021-08-09,0.14,702.7142857142857,11.285714285714286,-2.0,-21.0,17.0
2021-08-10,0.14,685.5714285714286,10.285714285714286,-10.0,9.0,8.0
2021-08-11,0.14,662.8571428571429,9.714285714285714,-8.0,31.0,33.0
2021-08-12,0.14,651.4285714285714,9.857142857142858,2.0,-35.0,20.0
2021-08-13,0.14,620.0,9.0,10.0,-2.0,0.0
2021-08-14,0.14,582.8571428571429,8.571428571428571,-2.0,0.0,-18.0
2021-08-15,0.14,563.7142857142857,8.571428571428571,9.0,15.0,-60.0
2021-08-16,0.14,536.2857142857143,8.428571428571429,-17.0,-5.0,111.0
2021-08-17,0.14,503.42857142857144,8.285714285714286,18.0,-15.0,-70.0
2021-08-18,0.14,469.57142857142856,7.714285714285714,-12.0,66.0,42.0
2021-08-19,0.14,448.0,7.0,9.0,-54.0,-19.0
2021-08-20,0.14,426.57142857142856,6.857142857142857,-13.0,63.0,57.0
2021-08-21,0.14,427.0,6.714285714285714,-3.0,-8.0,-29.0
2021-08-22,0.14,381.7142857142857,5.857142857142857,-2.0,-21.0,-26.0
2021-08-23,0.14,381.0,5.571428571428571,17.0,-62.0,-18.0
2021-08-24,0.14,378.57142857142856,5.285714285714286,-25.0,83.0,44.0
2021-08-25,0.14,379.7142857142857,5.0,0.0,25.0,36.0
2021-08-26,0.14,358.85714285714283,5.0,4.0,-50.0,-7.0
2021-08-27,0.14,350.14285714285717,4.428571428571429,11.0,49.0,-9.0
2021-08-28,0.14,326.2857142857143,4.0,-10.0,21.0,9.0
2021-08-29,0.14,340.85714285714283,4.0,-1.0,-57.0,-32.0
2021-08-30,0.14,334.14285714285717,3.7142857142857144,3.0,-17.0,29.0
2021-08-31,0.14,333.57142857142856,3.2857142857142856,-12.0,48.0,2.0
2021-09-01,0.03,318.2857142857143,3.0,-1.0,21.0,35.0
2021-09-02,0.03,306.7142857142857,3.2857142857142856,6.0,-38.0,-13.0
2021-09-03,0.03,301.14285714285717,3.142857142857143,-9.0,57.0,38.0
2021-09-04,0.03,305.14285714285717,3.0,2.0,11.0,-36.0
2021-09-05,0.03,295.85714285714283,2.7142857142857144,-8.0,-48.0,0.0
2021-09-06,0.03,290.42857142857144,3.0,9.0,27.0,15.0
2021-09-07,0.03,276.14285714285717,3.3597790610092892,-3.0,15.0,-4.0
2021-09-08,0.03,275.85714285714283,3.5026362038664325,-8.0,18.0,29.0
2021-09-09,0.03,270.7142857142857,2.788350489580718,3.0,-36.0,12.0
2021-09-10,0.03,261.85714285714283,2.6454933467235753,-10.0,45.0,1.0
2021-09-11,0.03,260.2857142857143,2.3597790610092892,1.0,-56.0,-23.0
2021-09-12,0.03,242.14285714285714,2.3597790610092892,2.0,-12.0,-6.0
2021-09-13,0.03,235.14285714285714,1.9312076324378609,6.0,28.0,26.0
2021-09-14,0.03,227.85714285714286,1.8571428571428572,-9.0,41.0,8.0
2021-09-15,0.03,223.28571428571428,1.7142857142857142,15.0,-9.0,-15.0
2021-09-16,0.03,216.57142857142858,2.142857142857143,-9.0,-31.0,18.0
2021-09-17,0.03,216.28571428571428,2.7142857142857144,5.0,10.0,-10.0
2021-09-18,0.03,194.57142857142858,3.0,13.0,32.0,-32.0
2021-09-19,0.03,200.14285714285714,2.857142857142857,-21.0,-77.0,0.0
2021-09-20,0.03,206.14285714285714,2.857142857142857,-2.0,57.0,31.0
2021-09-21,0.03,201.28571428571428,2.857142857142857,16.0,-24.0,-32.0
2021-09-22,0.03,192.0,2.7142857142857144,-5.0,84.0,36.0
2021-09-23,0.03,188.85714285714286,2.4285714285714284,-6.0,-23.0,-3.0
2021-09-24,0.03,189.14285714285714,2.4285714285714284,-5.0,31.0,21.0
2021-09-25,0.03,201.85714285714286,2.3597790610092892,0.0,-16.0,-1.0
2021-09-26,0.03,198.42857142857142,2.6454933467235753,8.0,-83.0,-66.0
2021-09-27,0.03,189.57142857142858,2.6454933467235753,-5.0,84.0,53.0
2021-09-28,0.03,192.28571428571428,2.931207632437861,-1.0,28.0,-14.0
2021-09-29,0.03,197.85714285714286,3.0740647752950037,1.0,5.0,5.0
2021-09-30,0.03,192.71428571428572,2.931207632437861,-3.0,-73.0,9.0
2021-10-01,0.03,185.42857142857142,2.6454933467235753,-6.0,92.0,49.0
2021-10-02,0.03,172.14285714285714,2.4285714285714284,7.0,-98.0,-42.0
2021-10-03,0.03,166.0,2.2857142857142856,-6.0,-35.0,-10.0
2021-10-04,0.03,163.71428571428572,3.0,51.0,-58.0,-127.0
2021-10-05,0.03,155.28571428571428,2.7142857142857144,-62.0,167.0,178.0
2021-10-06,0.03,148.0,3.0,4.0,21.0,-47.0
2021-10-07,0.03,142.0,3.0,14.0,-94.0,-31.0
2021-10-08,0.03,137.57142857142858,3.4285714285714284,-13.0,111.0,85.0
2021-10-09,0.03,139.14285714285714,3.6454933467235753,9.0,-100.0,-30.0
2021-10-10,0.03,136.71428571428572,3.788350489580718,-6.0,-34.0,-31.0
2021-10-11,0.03,137.42857142857142,3.4338438363042934,0.0,86.0,26.0
2021-10-12,0.03,132.14285714285714,3.29098669344715,-3.0,10.0,-22.0
2021-10-13,0.03,128.71428571428572,3.0052724077328645,9.0,-89.0,-12.0
2021-10-14,0.03,122.0,3.365051468742154,-19.0,57.0,11.0
2021-10-15,0.03,119.85714285714286,3.079337183027868,43.0,-135.0,-92.0
2021-10-16,0.03,111.42857142857143,2.8624152648757217,-38.0,187.0,124.0
2021-10-17,0.03,104.85714285714286,2.719558122018579,7.0,-124.0,-42.0
2021-10-18,0.03,99.42857142857143,2.7195581220185794,-9.0,78.0,34.0
2021-10-19,0.03,95.85714285714286,3.005272407732865,15.0,-71.0,-28.0
2021-10-20,0.03,86.71428571428571,3.1481295505900078,3.0,61.0,11.0
2021-10-21,0.03,88.42857142857143,2.7883504895807185,0.0,20.0,-27.0
2021-10-22,0.03,80.28571428571429,2.5026362038664325,-12.0,73.0,83.0
2021-10-23,0.03,85.14285714285714,2.719558122018579,3.0,-31.0,-58.0
2021-10-24,0.03,79.28571428571429,3.0052724077328645,5.0,-98.0,-35.0
2021-10-25,0.03,75.57142857142857,2.788350489580718,-4.0,103.0,50.0
2021-10-26,0.03,72.0,2.5026362038664325,-6.0,16.0,-5.0
2021-10-27,0.03,71.85714285714286,2.3597790610092892,16.0,-9.0,4.0
2021-10-28,0.03,67.85714285714286,2.3597790610092892,-5.0,-13.0,18.0
2021-10-29,0.03,71.71428571428571,2.2169219181521465,-9.0,50.0,34.0
2021-10-30,0.03,62.714285714285715,1.8571428571428572,-1.0,-18.0,-35.0
2021-10-31,0.03,62.714285714285715,1.4285714285714286,0.0,-111.0,-4.0
2021-11-01,0.02,64.85714285714286,1.4285714285714286,7.0,-16.0,-10.0
2021-11-02,0.02,62.714285714285715,1.4285714285714286,-17.0,117.0,18.0
2021-11-03,0.02,60.857142857142854,1.2857142857142858,-2.0,15.0,37.0
2021-11-04,0.02,61.57142857142857,1.2857142857142858,7.0,-194.0,5.0
2021-11-05,0.02,56.0,1.5714285714285714,1.0,148.0,-19.0
2021-11-06,0.02,54.142857142857146,1.5714285714285714,10.0,-225.0,-96.0
2021-11-07,0.02,50.714285714285715,1.8571428571428572,-4.0,109.0,20.0
2021-11-08,0.02,50.0,2.0,-9.0,122.0,76.0
2021-11-09,0.02,49.142857142857146,1.8571428571428572,-7.0,27.0,-23.0
2021-11-10,0.02,50.142857142857146,2.0,-1.0,-10.0,35.0
2021-11-11,0.02,53.0,2.0,9.0,3.0,-66.0
2021-11-12,0.02,54.57142857142857,1.7142857142857142,-3.0,34.0,43.0
2021-11-13,0.02,55.0,2.142857142857143,4.0,-102.0,-32.0
2021-11-14,0.02,56.57142857142857,2.142857142857143,5.0,-25.0,-10.0
2021-11-15,0.02,54.285714285714285,2.2857142857142856,-1.0,111.0,42.0
2021-11-16,0.02,57.42857142857143,2.6454933467235753,3.0,16.0,-34.0
2021-11-17,0.02,55.57142857142857,2.6454933467235753,-10.0,6.0,10.0
2021-11-18,0.02,53.142857142857146,2.6454933467235753,5.0,-13.0,-23.0
2021-11-19,0.02,53.42857142857143,2.931207632437861,-4.0,35.0,46.0
2021-11-20,0.02,57.57142857142857,2.5026362038664325,15.0,-85.0,-76.0
2021-11-21,0.02,62.285714285714285,2.3597790610092892,-9.0,-51.0,26.0
2021-11-22,0.02,62.857142857142854,2.29098669344715,0.0,113.0,30.0
2021-11-23,0.02,59.857142857142854,1.931207632437861,0.0,19.0,-46.0
2021-11-24,0.02,58.142857142857146,1.931207632437861,1.0,4.0,24.0
2021-11-25,0.02,52.857142857142854,1.931207632437861,14.0,-73.0,-9.0
2021-11-26,0.02,48.714285714285715,1.7883504895807183,-2.0,27.0,19.0
2021-11-27,0.02,40.285714285714285,1.931207632437861,1.0,0.0,-11.0
2021-11-28,0.02,33.42857142857143,1.7883504895807183,-11.0,-73.0,-28.0
2021-11-29,0.02,30.285714285714285,1.8571428571428572,-10.0,111.0,64.0
2021-11-30,0.02,28.285714285714285,2.0,-4.0,35.0,-19.0
2021-12-01,0.01,27.142857142857142,1.8571428571428572,10.0,-6.0,16.0
2021-12-02,0.01,28.428571428571427,1.8571428571428572,7.0,-24.0,-14.0
2021-12-03,0.01,28.428571428571427,1.7142857142857142,-2.0,62.0,42.0
2021-12-04,0.01,57.219181521466226,1.9312076324378609,-3.0,-25.0,-56.0
2021-12-05,0.01,61.219181521466226,2.0740647752950037,10.0,-159.0,2.0
2021-12-06,0.01,62.93346723575194,1.9312076324378609,19.0,52.0,-15.0
2021-12-07,0.01,60.219181521466226,2.1481295505900073,-2.0,34.0,-33.0
2021-12-08,0.01,59.07632437860908,2.507908611599297,-24.0,55.0,88.0
2021-12-09,0.01,57.93346723575194,2.8676876726085863,-4.0,40.0,9.0
2021-12-10,0.01,57.36203866432337,3.010544815465729,-10.0,40.0,57.0
2021-12-11,0.01,28.428571428571427,2.7936228973135826,6.0,-98.0,-74.0
2021-12-12,0.01,22.142857142857142,2.65076575445644,12.0,-62.0,-5.0
2021-12-13,0.01,20.857142857142858,2.724830529751444,-18.0,146.0,26.0
2021-12-14,0.01,20.428571428571427,2.5079086115992975,-5.0,6.0,-4.0
2021-12-15,0.01,20.0,2.1481295505900078,-2.0,-15.0,30.0
2021-12-16,0.01,18.857142857142858,2.1481295505900073,7.0,-43.0,-21.0
2021-12-17,0.01,46.93346723575194,2.365051468742154,-2.0,44.0,56.0
2021-12-18,0.01,45.93346723575194,2.5819733868943007,14.0,-46.0,-117.0
2021-12-19,0.01,47.50489580718051,2.7248305297514435,-4.0,-66.0,97.0
2021-12-20,0.01,47.93346723575194,2.724830529751444,-13.0,88.0,33.0
2021-12-21,0.01,47.50489580718051,2.9417524479035904,-3.0,12.0,-5.0
2021-12-22,0.01,45.790610092894795,3.2274667336178764,4.0,-32.0,32.0
2021-12-23,0.01,45.647752950037656,2.8676876726085867,-4.0,-29.0,-5.0
2021-12-24,0.01,15.285714285714286,2.5079086115992975,5.0,-38.0,20.0
2021-12-25,0.01,15.571428571428571,2.5079086115992975,25.0,-207.0,-250.0
2021-12-26,0.01,13.714285714285714,2.3650514687421547,-10.0,117.0,23.0
2021-12-27,0.01,11.714285714285714,2.005272407732865,-3.0,-15.0,53.0
2021-12-28,0.01,12.285714285714286,2.005272407732865,21.0,-83.0,-84.0
2021-12-29,0.01,13.142857142857142,2.0793371830278686,-27.0,120.0,114.0
2021-12-30,0.01,13.285714285714286,2.4391162440371583,0.0,-8.0,9.0
2021-12-31,0.01,13.571428571428571,2.7988953050464476,-18.0,-29.0,42.0
