FECHA,BMW,Casos,Muertes,Mov Residencial,Mov trabajo,Mov estaciones
2020-06-17,0.027000000000000003,104.21800595238096,7.9375,-3.0,0.0,12.0
2020-06-18,0.027000000000000003,102.93229166666667,7.9375,2.0,-4.0,-6.0
2020-06-19,0.027000000000000003,44.0,7.9375,-5.0,11.0,6.0
2020-06-20,0.027000000000000003,41.57142857142857,7.9375,-3.0,12.0,0.0
2020-06-21,0.027000000000000003,94.78943452380953,7.9375,4.0,13.0,-16.0
2020-06-22,0.027000000000000003,100.6465773809524,6.946428571428571,-1.0,-26.0,21.0
2020-06-23,0.027000000000000003,101.78943452380953,6.946428571428571,-2.0,-2.0,3.0
2020-06-24,0.027000000000000003,103.93229166666667,5.955357142857143,-4.0,1.0,10.0
2020-06-25,0.027000000000000003,103.21800595238096,5.955357142857143,3.0,1.0,-9.0
2020-06-26,0.027000000000000003,106.6465773809524,5.955357142857143,2.0,6.0,-8.0
2020-06-27,0.027000000000000003,115.21800595238096,5.955357142857143,1.0,0.0,-3.0
2020-06-28,0.027000000000000003,63.42857142857143,4.964285714285714,-4.0,24.0,-7.0
2020-06-29,0.027000000000000003,109.50372023809526,5.955357142857143,4.0,-27.0,9.0
2020-06-30,0.027000000000000003,119.78943452380953,5.955357142857143,0.0,-2.0,-3.0
2020-07-01,0.026129032258064518,124.07514880952382,5.955357142857143,0.0,-1.0,2.0
2020-07-02,0.026129032258064518,131.3608630952381,5.955357142857143,3.0,-3.0,-8.0
2020-07-03,0.026129032258064518,186.86458333333334,5.955357142857143,3.0,5.0,-9.0
2020-07-04,0.026129032258064518,203.0074404761905,5.107142857142857,6.0,1.0,-9.0
2020-07-05,0.026129032258064518,204.0074404761905,5.107142857142857,-13.0,17.0,13.0
2020-07-06,0.026129032258064518,149.64657738095235,5.107142857142857,1.0,-19.0,14.0
2020-07-07,0.026129032258064518,145.78943452380952,4.116071428571429,3.0,-5.0,-8.0
2020-07-08,0.026129032258064518,154.93229166666669,5.107142857142857,-1.0,2.0,4.0
2020-07-09,0.026129032258064518,157.3608630952381,4.116071428571429,5.0,-4.0,-11.0
2020-07-10,0.026129032258064518,109.85714285714286,4.116071428571429,-4.0,10.0,6.0
2020-07-11,0.026129032258064518,97.71428571428571,4.258928571428571,0.0,-3.0,0.0
2020-07-12,0.026129032258064518,98.85714285714286,4.401785714285714,1.0,16.0,-16.0
2020-07-13,0.026129032258064518,110.0,3.6964285714285716,1.0,-19.0,11.0
2020-07-14,0.026129032258064518,121.42857142857143,3.6964285714285716,1.0,-3.0,-1.0
2020-07-15,0.026129032258064518,130.28571428571428,3.6964285714285716,-1.0,1.0,11.0
2020-07-16,0.026129032258064518,136.71428571428572,3.6964285714285716,-7.0,-1.0,11.0
2020-07-17,0.026129032258064518,150.42857142857142,2.8482142857142856,60.0,-90.0,-93.0
2020-07-18,0.026129032258064518,159.42857142857142,3.5535714285714284,-4.0,13.0,4.0
2020-07-19,0.026129032258064518,172.0,3.4107142857142856,-24.0,50.0,9.0
2020-07-20,0.026129032258064518,181.42857142857142,3.125,-22.0,23.0,58.0
2020-07-21,0.026129032258064518,182.0,3.4107142857142856,-2.0,0.0,4.0
2020-07-22,0.026129032258064518,175.0,2.5625,0.0,2.0,6.0
2020-07-23,0.026129032258064518,177.42857142857142,2.5625,2.0,-2.0,-5.0
2020-07-24,0.026129032258064518,176.57142857142858,3.4107142857142856,-1.0,11.0,-1.0
2020-07-25,0.026129032258064518,171.71428571428572,2.8482142857142856,4.0,-7.0,-8.0
2020-07-26,0.026129032258064518,172.0,2.9910714285714284,-5.0,21.0,-6.0
2020-07-27,0.026129032258064518,180.85714285714286,2.9910714285714284,0.0,-21.0,18.0
2020-07-28,0.026129032258064518,217.78943452380955,3.6964285714285716,0.0,0.0,3.0
2020-07-29,0.026129032258064518,249.3608630952381,3.8392857142857144,-1.0,-3.0,3.0
2020-07-30,0.026129032258064518,255.21800595238096,4.125,3.0,-3.0,-13.0
2020-07-31,0.026129032258064518,257.9322916666667,3.419642857142857,-1.0,5.0,1.0
2020-08-01,0.3095901639344266,277.0751488095238,3.2767857142857144,5.0,-21.0,-4.0
2020-08-02,0.3095901639344266,300.2180059523809,3.705357142857143,-9.0,39.0,-1.0
2020-08-03,0.3095901639344266,304.2180059523809,3.9910714285714284,1.0,-29.0,10.0
2020-08-04,0.3095901639344266,279.42857142857144,3.4285714285714284,-1.0,3.0,-12.0
2020-08-05,0.3095901639344266,276.2857142857143,3.5714285714285716,-2.0,-6.0,-11.0
2020-08-06,0.3095901639344266,272.85714285714283,3.4285714285714284,-4.0,10.0,13.0
2020-08-07,0.3095901639344266,290.57142857142856,3.5714285714285716,0.0,10.0,-4.0
2020-08-08,0.3095901639344266,287.57142857142856,3.4285714285714284,2.0,1.0,-1.0
2020-08-09,0.3095901639344266,311.7142857142857,3.142857142857143,-2.0,18.0,-7.0
2020-08-10,0.3095901639344266,316.14285714285717,3.4285714285714284,7.0,-24.0,1.0
2020-08-11,0.3095901639344266,338.42857142857144,3.7142857142857144,-5.0,-3.0,13.0
2020-08-12,0.3095901639344266,357.2857142857143,3.5714285714285716,-1.0,0.0,8.0
2020-08-13,0.3095901639344266,411.42857142857144,3.5714285714285716,1.0,2.0,-3.0
2020-08-14,0.3095901639344266,431.85714285714283,3.2857142857142856,-2.0,7.0,0.0
2020-08-15,0.3095901639344266,447.57142857142856,3.7142857142857144,23.0,-68.0,-30.0
2020-08-16,0.3095901639344266,418.14285714285717,4.142857142857143,-18.0,84.0,1.0
2020-08-17,0.3095901639344266,423.57142857142856,4.428571428571429,-8.0,-16.0,32.0
2020-08-18,0.3095901639344266,412.7142857142857,4.285714285714286,0.0,2.0,0.0
2020-08-19,0.3095901639344266,393.0,5.0,-3.0,-2.0,12.0
2020-08-20,0.3095901639344266,372.14285714285717,5.0,1.0,-5.0,-6.0
2020-08-21,0.3095901639344266,359.14285714285717,6.0,5.0,-21.0,-3.0
2020-08-22,0.3095901639344266,350.14285714285717,6.0,17.0,-69.0,-33.0
2020-08-23,0.3095901639344266,337.14285714285717,5.714285714285714,-28.0,93.0,20.0
2020-08-24,0.3095901639344266,306.2857142857143,5.285714285714286,12.0,-38.0,3.0
2020-08-25,0.3095901639344266,313.85714285714283,5.857142857142857,-2.0,16.0,8.0
2020-08-26,0.3095901639344266,336.0,5.857142857142857,-3.0,-4.0,5.0
2020-08-27,0.3095901639344266,340.57142857142856,6.428571428571429,0.0,16.0,-5.0
2020-08-28,0.3095901639344266,360.2857142857143,5.714285714285714,4.0,13.0,-9.0
2020-08-29,0.3095901639344266,394.7142857142857,5.428571428571429,-2.0,13.0,-1.0
2020-08-30,0.3095901639344266,429.2857142857143,5.571428571428571,-1.0,12.0,-6.0
2020-08-31,0.3095901639344266,468.57142857142856,6.285714285714286,-1.0,-21.0,17.0
2020-09-01,0.5,496.57142857142856,5.285714285714286,0.0,-5.0,8.0
2020-09-02,0.5,516.4285714285714,5.571428571428571,1.0,-1.0,-7.0
2020-09-03,0.5,553.1428571428571,5.857142857142857,0.0,-1.0,-1.0
2020-09-04,0.5,551.0,6.428571428571429,3.0,8.0,-4.0
2020-09-05,0.5,557.4285714285714,7.285714285714286,-3.0,7.0,3.0
2020-09-06,0.5,546.4285714285714,7.571428571428571,-4.0,7.0,-4.0
2020-09-07,0.5,536.4285714285714,7.571428571428571,2.0,-20.0,8.0
2020-09-08,0.5,517.7142857142857,8.857142857142858,-1.0,0.0,6.0
2020-09-09,0.5,515.5714285714286,8.285714285714286,-1.0,1.0,3.0
2020-09-10,0.5,505.0,8.0,0.0,-4.0,0.0
2020-09-11,0.5,511.7142857142857,8.0,3.0,2.0,-18.0
2020-09-12,0.5,532.8571428571429,8.142857142857142,0.0,-5.0,-6.0
2020-09-13,0.5,537.5714285714286,7.714285714285714,-6.0,16.0,1.0
2020-09-14,0.5,550.218005952381,7.5625,3.0,-7.0,13.0
2020-09-15,0.5,616.218005952381,9.5625,0.0,-2.0,6.0
2020-09-16,0.5,617.218005952381,9.276785714285714,0.0,0.0,5.0
2020-09-17,0.5,617.9322916666667,9.5625,6.0,-8.0,-10.0
2020-09-18,0.5,623.7894345238095,9.5625,9.0,8.0,-14.0
2020-09-19,0.5,609.9322916666667,9.133928571428571,-8.0,11.0,12.0
2020-09-20,0.5,609.9322916666667,9.848214285714286,-3.0,7.0,-4.0
2020-09-21,0.5,594.4285714285714,10.0,11.0,-20.0,-5.0
2020-09-22,0.5,547.4285714285714,7.571428571428571,-5.0,1.0,16.0
2020-09-23,0.5,534.2857142857143,8.142857142857142,2.0,4.0,9.0
2020-09-24,0.5,538.4285714285714,8.0,3.0,-3.0,-7.0
2020-09-25,0.5,527.4285714285714,7.285714285714286,7.0,5.0,-14.0
2020-09-26,0.5,507.42857142857144,7.0,-3.0,3.0,9.0
2020-09-27,0.5,504.14285714285717,7.142857142857143,-8.0,14.0,2.0
2020-09-28,0.5,520.4285714285714,6.714285714285714,2.0,-12.0,11.0
2020-09-29,0.5,490.57142857142856,7.285714285714286,-1.0,-3.0,3.0
2020-09-30,0.5,505.57142857142856,7.428571428571429,-10.0,-4.0,7.0
2020-10-01,0.25,484.2857142857143,8.142857142857142,-9.0,-4.0,-2.0
2020-10-02,0.25,483.42857142857144,8.0,19.0,-81.0,-22.0
2020-10-03,0.25,475.14285714285717,8.428571428571429,-19.0,86.0,13.0
2020-10-04,0.25,481.42857142857144,7.857142857142857,-3.0,3.0,-1.0
2020-10-05,0.25,474.7142857142857,7.571428571428571,2.0,-6.0,10.0
2020-10-06,0.25,494.42857142857144,7.0,1.0,0.0,1.0
2020-10-07,0.25,464.57142857142856,7.0,0.0,3.0,9.0
2020-10-08,0.25,451.42857142857144,6.285714285714286,4.0,2.0,-4.0
2020-10-09,0.25,448.0,7.0,6.0,5.0,-14.0
2020-10-10,0.25,433.42857142857144,7.0,3.0,-3.0,0.0
2020-10-11,0.25,434.0,7.285714285714286,-8.0,13.0,4.0
2020-10-12,0.25,422.14285714285717,7.285714285714286,6.0,-12.0,0.0
2020-10-13,0.25,406.2857142857143,6.571428571428571,-1.0,-1.0,5.0
2020-10-14,0.25,395.42857142857144,6.0,0.0,-1.0,7.0
2020-10-15,0.25,381.14285714285717,5.857142857142857,5.0,-3.0,-17.0
2020-10-16,0.25,357.14285714285717,5.714285714285714,-1.0,12.0,10.0
2020-10-17,0.25,352.2857142857143,5.571428571428571,-7.0,10.0,3.0
2020-10-18,0.25,317.2857142857143,5.285714285714286,-2.0,2.0,-1.0
2020-10-19,0.25,296.0,5.428571428571429,4.0,-12.0,11.0
2020-10-20,0.25,278.42857142857144,5.857142857142857,1.0,-8.0,-11.0
2020-10-21,0.25,271.57142857142856,5.428571428571429,-3.0,0.0,6.0
2020-10-22,0.25,259.42857142857144,5.571428571428571,-9.0,-2.0,4.0
2020-10-23,0.25,246.0,5.285714285714286,-3.0,8.0,-2.0
2020-10-24,0.25,233.0,4.571428571428571,-1.0,-6.0,6.0
2020-10-25,0.25,236.42857142857142,4.571428571428571,-2.0,17.0,-10.0
2020-10-26,0.25,255.14285714285714,4.714285714285714,0.0,-15.0,15.0
2020-10-27,0.25,245.14285714285714,4.285714285714286,1.0,-1.0,-2.0
2020-10-28,0.25,232.71428571428572,5.0,2.0,0.0,0.0
2020-10-29,0.25,230.71428571428572,4.714285714285714,2.0,-1.0,-3.0
2020-10-30,0.25,229.0,4.857142857142857,5.0,-9.0,-10.0
2020-10-31,0.25,227.85714285714286,4.857142857142857,-7.0,28.0,5.0
2020-11-01,0.181,218.0,4.714285714285714,-2.0,-2.0,9.0
2020-11-02,0.181,203.14285714285714,4.857142857142857,6.0,-12.0,1.0
2020-11-03,0.181,206.0,4.714285714285714,-1.0,-1.0,0.0
2020-11-04,0.181,200.57142857142858,4.857142857142857,-1.0,0.0,-4.0
2020-11-05,0.181,191.85714285714286,4.714285714285714,1.0,-3.0,-5.0
2020-11-06,0.181,190.14285714285714,4.428571428571429,0.0,9.0,-2.0
2020-11-07,0.181,184.28571428571428,5.285714285714286,-3.0,9.0,6.0
2020-11-08,0.181,185.28571428571428,4.857142857142857,-5.0,1.0,3.0
2020-11-09,0.181,179.28571428571428,4.428571428571429,7.0,-18.0,-1.0
2020-11-10,0.181,171.42857142857142,4.714285714285714,-2.0,-3.0,0.0
2020-11-11,0.181,160.85714285714286,4.285714285714286,0.0,-2.0,7.0
2020-11-12,0.181,151.57142857142858,4.848214285714286,-2.0,-2.0,1.0
2020-11-13,0.181,144.85714285714286,4.705357142857143,-4.0,-8.0,12.0
2020-11-14,0.181,132.71428571428572,3.705357142857143,27.0,-82.0,-52.0
2020-11-15,0.181,119.71428571428571,3.8482142857142856,-22.0,99.0,20.0
2020-11-16,0.181,117.0,3.419642857142857,2.0,-30.0,14.0
2020-11-17,0.181,113.28571428571429,3.419642857142857,-4.0,14.0,7.0
2020-11-18,0.181,120.85714285714286,3.1339285714285716,0.0,3.0,8.0
2020-11-19,0.181,125.0,3.1339285714285716,2.0,0.0,-5.0
2020-11-20,0.181,124.42857142857143,3.1339285714285716,2.0,8.0,-3.0
2020-11-21,0.181,129.0,3.419642857142857,-6.0,19.0,5.0
2020-11-22,0.181,131.85714285714286,3.2767857142857144,-3.0,4.0,5.0
2020-11-23,0.181,124.71428571428571,4.267857142857143,7.0,-13.0,-5.0
2020-11-24,0.181,126.57142857142857,3.982142857142857,1.0,-3.0,-1.0
2020-11-25,0.181,121.28571428571429,4.125,0.0,2.0,5.0
2020-11-26,0.181,123.0,3.2767857142857144,5.0,-16.0,-18.0
2020-11-27,0.181,122.71428571428571,3.1339285714285716,-5.0,19.0,-2.0
2020-11-28,0.181,134.42857142857142,3.8392857142857144,-1.0,6.0,9.0
2020-11-29,0.181,139.71428571428572,3.6964285714285716,-5.0,15.0,7.0
2020-11-30,0.181,151.71428571428572,2.705357142857143,3.0,-26.0,2.0
2020-12-01,0.17387096774193547,150.85714285714286,2.705357142857143,0.0,6.0,2.0
2020-12-02,0.17387096774193547,149.71428571428572,2.5625,0.0,4.0,0.0
2020-12-03,0.17387096774193547,146.28571428571428,2.705357142857143,15.0,-63.0,-16.0
2020-12-04,0.17387096774193547,138.28571428571428,3.6964285714285716,-12.0,70.0,5.0
2020-12-05,0.17387096774193547,126.42857142857143,2.705357142857143,-6.0,11.0,6.0
2020-12-06,0.17387096774193547,126.0,2.705357142857143,-2.0,2.0,5.0
2020-12-07,0.17387096774193547,116.14285714285714,2.9910714285714284,3.0,-22.0,3.0
2020-12-08,0.17387096774193547,115.85714285714286,3.8392857142857144,4.0,1.0,-2.0
2020-12-09,0.17387096774193547,113.57142857142857,3.6964285714285716,-2.0,1.0,11.0
2020-12-10,0.17387096774193547,109.42857142857143,4.401785714285714,6.0,0.0,11.0
2020-12-11,0.17387096774193547,110.85714285714286,4.401785714285714,3.0,5.0,-9.0
2020-12-12,0.17387096774193547,104.42857142857143,4.544642857142857,7.0,-50.0,-1.0
2020-12-13,0.17387096774193547,96.57142857142857,4.544642857142857,-12.0,81.0,19.0
2020-12-14,0.17387096774193547,99.71428571428571,4.258928571428571,5.0,-29.0,-4.0
2020-12-15,0.17387096774193547,90.14285714285714,3.5535714285714284,-2.0,0.0,7.0
2020-12-16,0.17387096774193547,88.71428571428571,3.6964285714285716,-1.0,2.0,3.0
2020-12-17,0.17387096774193547,87.71428571428571,2.9910714285714284,3.0,-7.0,-4.0
2020-12-18,0.17387096774193547,87.71428571428571,2.142857142857143,-2.0,8.0,-4.0
2020-12-19,0.173870967741935,95.85714285714286,2.9910714285714284,9.0,-70.0,-4.0
2020-12-20,0.173870967741935,100.28571428571429,3.2767857142857144,-15.0,106.0,16.0
2020-12-21,0.173870967741935,95.57142857142857,3.419642857142857,5.0,-36.0,5.0
2020-12-22,0.173870967741935,96.14285714285714,3.2767857142857144,2.0,-4.0,-4.0
2020-12-23,0.173870967741935,101.0,3.1339285714285716,-2.0,-2.0,13.0
2020-12-24,0.173870967741935,101.28571428571429,2.8482142857142856,2.0,-17.0,-2.0
2020-12-25,0.173870967741935,97.85714285714286,3.6964285714285716,19.0,-88.0,-23.0
2020-12-26,0.173870967741935,88.42857142857143,2.9910714285714284,-15.0,92.0,17.0
2020-12-27,0.173870967741935,86.14285714285714,3.6964285714285716,-11.0,51.0,22.0
2020-12-28,0.173870967741935,89.85714285714286,3.8392857142857144,8.0,-42.0,-15.0
2020-12-29,0.173870967741935,92.14285714285714,3.6964285714285716,0.0,-3.0,1.0
2020-12-30,0.173870967741935,88.14285714285714,3.6964285714285716,-3.0,4.0,15.0
2020-12-31,0.173870967741935,137.07514880952382,4.6875,-1.0,-8.0,5.0
2021-01-01,0.3095901639344266,147.64657738095238,3.8392857142857144,8.0,-38.0,-9.0
2021-01-02,0.3095901639344266,152.50372023809524,4.544642857142857,-3.0,65.0,1.0
2021-01-03,0.3095901639344266,151.50372023809524,3.6964285714285716,-7.0,25.0,-2.0
2021-01-04,0.3095901639344266,142.21800595238096,3.5535714285714284,5.0,-24.0,-16.0
2021-01-05,0.3095901639344266,137.64657738095238,3.5535714285714284,0.0,-4.0,-1.0
2021-01-06,0.3095901639344266,136.93229166666669,4.401785714285714,-2.0,-2.0,3.0
2021-01-07,0.3095901639344266,92.14285714285714,4.401785714285714,5.0,-3.0,-20.0
2021-01-08,0.3095901639344266,131.93229166666669,5.25,-2.0,8.0,-5.0
2021-01-09,0.3095901639344266,141.78943452380955,4.401785714285714,-5.0,3.0,8.0
2021-01-10,0.3095901639344266,141.93229166666669,4.258928571428571,-7.0,23.0,10.0
2021-01-11,0.3095901639344266,141.21800595238096,4.258928571428571,6.0,-24.0,-7.0
2021-01-12,0.3095901639344266,142.93229166666669,5.25,1.0,-5.0,-4.0
2021-01-13,0.3095901639344266,143.50372023809524,4.258928571428571,-2.0,-4.0,2.0
2021-01-14,0.3095901639344266,141.21800595238096,3.4107142857142856,0.0,-17.0,-11.0
2021-01-15,0.3095901639344266,90.85714285714286,2.419642857142857,-1.0,5.0,-16.0
2021-01-16,0.3095901639344266,79.28571428571429,2.5625,-3.0,6.0,11.0
2021-01-17,0.3095901639344266,78.42857142857143,3.5535714285714284,-2.0,14.0,12.0
2021-01-18,0.3095901639344266,81.0,4.401785714285714,7.0,-17.0,-9.0
2021-01-19,0.3095901639344266,83.85714285714286,4.401785714285714,1.0,-1.0,3.0
2021-01-20,0.3095901639344266,82.57142857142857,5.392857142857143,-1.0,3.0,3.0
2021-01-21,0.3095901639344266,75.71428571428571,5.25,0.0,-1.0,-5.0
2021-01-22,0.3095901639344266,74.28571428571429,5.25,1.0,10.0,-5.0
2021-01-23,0.3095901639344266,74.57142857142857,5.25,-4.0,2.0,27.0
2021-01-24,0.3095901639344266,73.57142857142857,5.25,-5.0,20.0,12.0
2021-01-25,0.3095901639344266,74.14285714285714,4.258928571428571,6.0,-32.0,-1.0
2021-01-26,0.3095901639344266,68.14285714285714,3.267857142857143,18.0,-104.0,-7.0
2021-01-27,0.3095901639344266,63.285714285714285,3.267857142857143,-19.0,110.0,-9.0
2021-01-28,0.3095901639344266,67.57142857142857,3.4107142857142856,3.0,0.0,-9.0
2021-01-29,0.3095901639344266,68.71428571428571,3.4107142857142856,-5.0,8.0,-9.0
2021-01-30,0.3095901639344266,69.85714285714286,4.116071428571429,-8.0,13.0,15.0
2021-01-31,0.3095901639344266,69.85714285714286,3.267857142857143,-2.0,6.0,14.0
2021-02-01,0.3095901639344266,70.28571428571429,4.258928571428571,5.0,-25.0,-17.0
2021-02-02,0.3095901639344266,75.42857142857143,5.25,-2.0,-3.0,5.0
2021-02-03,0.3095901639344266,76.85714285714286,5.25,2.0,-1.0,-2.0
2021-02-04,0.3095901639344266,76.0,5.25,0.0,-2.0,-5.0
2021-02-05,0.3095901639344266,72.85714285714286,6.241071428571429,1.0,11.0,-1.0
2021-02-06,0.3095901639344266,68.85714285714286,6.241071428571429,-4.0,10.0,15.0
2021-02-07,0.3095901639344266,67.28571428571429,6.241071428571429,-2.0,3.0,10.0
2021-02-08,0.3095901639344266,66.85714285714286,6.241071428571429,5.0,-17.0,-7.0
2021-02-09,0.3095901639344266,60.142857142857146,5.392857142857143,1.0,0.0,0.0
2021-02-10,0.3095901639344266,61.42857142857143,4.544642857142857,-3.0,1.0,2.0
2021-02-11,0.3095901639344266,56.57142857142857,5.392857142857143,3.0,-1.0,-1.0
2021-02-12,0.3095901639344266,54.142857142857146,4.401785714285714,-1.0,8.0,-6.0
2021-02-13,0.3095901639344266,50.714285714285715,3.4107142857142856,-2.0,-9.0,15.0
2021-02-14,0.3095901639344266,50.714285714285715,3.267857142857143,-8.0,21.0,7.0
2021-02-15,0.3095901639344266,48.285714285714285,2.419642857142857,5.0,-23.0,-12.0
2021-02-16,0.3095901639344266,46.714285714285715,2.5625,3.0,-1.0,5.0
2021-02-17,0.3095901639344266,43.0,2.5625,0.0,5.0,1.0
2021-02-18,0.3095901639344266,44.0,2.5625,3.0,0.0,-7.0
2021-02-19,0.3095901639344266,44.857142857142854,2.5625,2.0,6.0,-8.0
2021-02-20,0.3095901639344266,47.142857142857146,3.5535714285714284,-8.0,13.0,14.0
2021-02-21,0.3095901639344266,46.714285714285715,4.544642857142857,-2.0,0.0,7.0
2021-02-22,0.3095901639344266,45.142857142857146,5.392857142857143,6.0,-12.0,-14.0
2021-02-23,0.3095901639344266,46.42857142857143,5.107142857142857,2.0,1.0,1.0
2021-02-24,0.3095901639344266,47.285714285714285,4.964285714285714,0.0,-2.0,1.0
2021-02-25,0.3095901639344266,50.0,4.116071428571429,0.0,-1.0,2.0
2021-02-26,0.3095901639344266,57.857142857142854,4.401785714285714,-1.0,6.0,-8.0
2021-02-27,0.3095901639344266,58.42857142857143,4.401785714285714,-3.0,0.0,11.0
2021-02-28,0.3095901639344266,60.57142857142857,3.4107142857142856,-5.0,19.0,7.0
2021-03-01,0.3095901639344266,62.142857142857146,2.419642857142857,6.0,-19.0,-13.0
2021-03-02,0.3095901639344266,60.714285714285715,3.4107142857142856,2.0,-3.0,-2.0
2021-03-03,0.3095901639344266,63.285714285714285,4.401785714285714,-2.0,-2.0,5.0
2021-03-04,0.3095901639344266,63.0,4.401785714285714,1.0,3.0,-4.0
2021-03-05,0.3095901639344266,60.0,4.116071428571429,1.0,6.0,-7.0
2021-03-06,0.3095901639344266,61.285714285714285,4.116071428571429,-5.0,10.0,6.0
2021-03-07,0.3095901639344266,60.42857142857143,5.107142857142857,0.0,2.0,3.0
2021-03-08,0.3095901639344266,62.42857142857143,6.098214285714286,2.0,-11.0,-7.0
2021-03-09,0.3095901639344266,66.42857142857143,5.392857142857143,1.0,-5.0,1.0
2021-03-10,0.3095901639344266,66.28571428571429,5.392857142857143,0.0,1.0,12.0
2021-03-11,0.3095901639344266,66.28571428571429,5.25,9.0,-37.0,-11.0
2021-03-12,0.3095901639344266,66.71428571428571,5.25,-8.0,44.0,-5.0
2021-03-13,0.3095901639344266,70.0,4.258928571428571,1.0,-4.0,8.0
2021-03-14,0.3095901639344266,72.57142857142857,3.267857142857143,-4.0,17.0,11.0
2021-03-15,0.3095901639344266,77.57142857142857,2.2767857142857144,2.0,-19.0,-12.0
2021-03-16,0.3095901639344266,80.28571428571429,2.419642857142857,3.0,-1.0,-1.0
2021-03-17,0.3095901639344266,80.85714285714286,1.4285714285714286,0.0,5.0,1.0
2021-03-18,0.3095901639344266,85.0,1.4285714285714286,0.0,0.0,-5.0
2021-03-19,0.3095901639344266,87.57142857142857,1.5714285714285714,1.0,7.0,-9.0
2021-03-20,0.3095901639344266,96.28571428571429,2.5625,-4.0,1.0,4.0
2021-03-21,0.3095901639344266,100.85714285714286,2.8482142857142856,0.0,13.0,6.0
2021-03-22,0.3095901639344266,100.28571428571429,3.8392857142857144,3.0,-15.0,-3.0
2021-03-23,0.3095901639344266,105.85714285714286,3.6964285714285716,0.0,-3.0,0.0
2021-03-24,0.3095901639344266,115.42857142857143,4.6875,0.0,-2.0,2.0
2021-03-25,0.3095901639344266,128.42857142857142,4.6875,2.0,-2.0,-2.0
2021-03-26,0.3095901639344266,130.28571428571428,4.544642857142857,0.0,7.0,-8.0
2021-03-27,0.3095901639344266,132.57142857142858,3.5535714285714284,-3.0,3.0,10.0
2021-03-28,0.3095901639344266,137.28571428571428,3.4107142857142856,2.0,16.0,-6.0
2021-03-29,0.3095901639344266,143.42857142857142,2.5625,32.0,-156.0,-41.0
2021-03-30,0.3095901639344266,142.57142857142858,2.2767857142857144,-35.0,131.0,56.0
2021-03-31,0.3095901639344266,151.14285714285714,1.2857142857142858,1.0,-2.0,1.0
2021-04-01,0.3095901639344266,162.0,1.2857142857142858,3.0,-7.0,-9.0
2021-04-02,0.3095901639344266,185.85714285714286,1.2857142857142858,25.0,-88.0,-27.0
2021-04-03,0.3095901639344266,192.85714285714286,1.4285714285714286,-27.0,102.0,22.0
2021-04-04,0.3095901639344266,212.0,1.2857142857142858,0.0,7.0,0.0
2021-04-05,0.3095901639344266,229.0,1.2857142857142858,0.0,-10.0,0.0
2021-04-06,0.3095901639344266,266.14285714285717,1.2857142857142858,2.0,-6.0,-4.0
2021-04-07,0.3095901639344266,312.85714285714283,1.4285714285714286,0.0,-2.0,3.0
2021-04-08,0.3095901639344266,358.14285714285717,1.5714285714285714,3.0,0.0,-5.0
2021-04-09,0.3095901639344266,379.2857142857143,1.8571428571428572,1.0,7.0,-7.0
2021-04-10,0.3095901639344266,425.14285714285717,1.7142857142857142,0.0,-3.0,-3.0
2021-04-11,0.3095901639344266,462.2857142857143,1.8571428571428572,-9.0,8.0,0.0
2021-04-12,0.3095901639344266,495.0,1.8571428571428572,8.0,-17.0,4.0
2021-04-13,0.3095901639344266,520.0,2.142857142857143,19.0,-77.0,-30.0
2021-04-14,0.3095901639344266,512.2857142857143,2.4285714285714284,-5.0,11.0,13.0
2021-04-15,0.3095901639344266,537.2857142857143,2.857142857142857,-10.0,62.0,2.0
2021-04-16,0.3095901639344266,608.5714285714286,3.2857142857142856,4.0,8.0,-14.0
2021-04-17,0.3095901639344266,640.2857142857143,3.7142857142857144,-1.0,7.0,-3.0
2021-04-18,0.3095901639344266,701.1428571428571,5.0,-1.0,-2.0,-12.0
2021-04-19,0.3095901639344266,767.4285714285714,7.142857142857143,4.0,-14.0,13.0
2021-04-20,0.3095901639344266,852.8571428571429,10.428571428571429,2.0,-7.0,-1.0
2021-04-21,0.3095901639344266,999.8571428571429,12.285714285714286,3.0,-10.0,2.0
2021-04-22,0.3095901639344266,1093.142857142857,14.571428571428571,3.0,-5.0,-15.0
2021-04-23,0.3095901639344266,1163.5714285714287,15.428571428571429,7.0,-9.0,-14.0
2021-04-24,0.3095901639344266,1274.7142857142858,17.285714285714285,0.0,13.0,-8.0
2021-04-25,0.3095901639344266,1466.4285714285713,19.142857142857142,-2.0,11.0,-4.0
2021-04-26,0.3095901639344266,1663.7142857142858,22.142857142857142,2.0,-20.0,7.0
2021-04-27,0.3095901639344266,1799.4285714285713,22.857142857142858,2.0,-14.0,2.0
2021-04-28,0.3095901639344266,2027.857142857143,23.857142857142858,-3.0,-6.0,8.0
2021-04-29,0.3095901639344266,2257.714285714286,26.0,10.0,-13.0,-16.0
2021-04-30,0.3095901639344266,2486.8571428571427,27.428571428571427,39.0,-54.0,-77.0
2021-05-01,0.45,2595.8571428571427,32.714285714285715,9.0,-43.0,-6.0
2021-05-02,0.45,2558.285714285714,36.714285714285715,-24.0,76.0,9.0
2021-05-03,0.45,2612.8571428571427,37.857142857142854,-7.0,3.0,32.0
2021-05-04,0.45,2713.4285714285716,40.857142857142854,0.0,-4.0,3.0
2021-05-05,0.45,2769.8571428571427,47.57142857142857,4.0,-14.0,-8.0
2021-05-06,0.45,2891.285714285714,50.714285714285715,7.0,-10.0,-9.0
2021-05-07,0.45,3058.5714285714284,55.57142857142857,0.0,4.0,-3.0
2021-05-08,0.45,3265.4285714285716,55.714285714285715,-7.0,2.0,9.0
2021-05-09,0.45,3351.5714285714284,57.857142857142854,8.0,11.0,-30.0
2021-05-10,0.45,3366.0,58.42857142857143,10.0,-25.0,5.0
2021-05-11,0.45,3410.285714285714,61.714285714285715,-6.0,4.0,7.0
2021-05-12,0.45,3320.1428571428573,61.57142857142857,0.0,-2.0,7.0
2021-05-13,0.45,3123.285714285714,62.285714285714285,-2.0,-2.0,0.0
2021-05-14,0.45,2874.714285714286,63.0,8.0,-26.0,-19.0
2021-05-15,0.45,2618.4285714285716,63.42857142857143,-16.0,35.0,8.0
2021-05-16,0.45,2430.0,60.0,-52.0,-27.0,-35.0
2021-05-17,0.45,2252.5714285714284,60.42857142857143,-19.0,-3.0,32.0
2021-05-18,0.45,2000.2857142857142,56.142857142857146,19.0,17.0,13.0
2021-05-19,0.45,1763.7142857142858,50.57142857142857,21.0,9.0,8.0
2021-05-20,0.45,1633.857142857143,47.857142857142854,17.0,3.0,-9.0
2021-05-21,0.45,1515.2857142857142,43.42857142857143,4.0,12.0,0.0
2021-05-22,0.45,1471.0,40.714285714285715,3.0,3.0,2.0
2021-05-23,0.45,1514.857142857143,40.57142857142857,-7.0,28.0,3.0
2021-05-24,0.45,1491.857142857143,38.42857142857143,6.0,-20.0,2.0
2021-05-25,0.45,1519.142857142857,37.57142857142857,0.0,-2.0,9.0
2021-05-26,0.45,1558.857142857143,38.714285714285715,0.0,-3.0,0.0
2021-05-27,0.45,1547.7142857142858,38.0,-1.0,6.0,3.0
2021-05-28,0.45,1466.2857142857142,38.285714285714285,-1.0,9.0,-7.0
2021-05-29,0.45,1368.5714285714287,36.57142857142857,-2.0,12.0,4.0
2021-05-30,0.45,1229.142857142857,34.57142857142857,-6.0,12.0,5.0
2021-05-31,0.45,1115.0,32.57142857142857,6.0,-16.0,1.0
